1	1
2	0
3	0
4	0
5	0
6	0
7	0
8	0
9	0
10	0
11	0
12	0
13	0
14	0
15	0
16	0
17	0
18	0
19	0
20	0
21	0
22	0
23	0
24	0
25	0
26	0
27	0
28	0
29	0
30	0
31	0
32	0
33	0
34	0
35	0
36	1
37	1
38	1
39	1
40	1
41	1
42	0
43	0
44	0
45	0
46	1
47	1
48	1
49	0
50	1
51	1
52	1
53	1
54	1
55	1
56	1
57	1
58	1
59	1
60	1
61	1
62	1
63	1
64	1
65	1
66	1
67	1
68	1
69	0
70	1
71	1
72	1
73	1
74	0
75	1
76	1
77	1
78	1
79	1
80	1
81	1
82	1
83	1
84	1
85	1
86	1
87	0
88	1
89	1
90	1
91	1
92	0
93	1
94	0
95	0
96	1
97	0
98	0
99	1
100	1
101	1
102	0
103	1
104	1
105	1
106	1
107	1
108	1
109	1
110	1
111	0
112	1
113	0
114	0
115	0
116	0
117	0
118	0
119	0
120	0
121	0
122	0
123	0
124	0
125	0
126	0
127	1
128	1
129	1
130	1
131	0
132	1
133	0
134	0
135	0
136	0
137	0
138	0
139	0
140	0
141	1
142	1
143	1
144	0
145	0
146	0
147	0
148	0
149	1
150	0
151	0
152	0
153	0
154	0
155	0
156	0
157	0
158	0
159	0
160	0
161	0
162	0
163	0
164	0
165	0
166	0
167	0
168	0
169	0
170	0
171	0
172	0
173	1
174	0
175	0
176	0
177	0
178	0
179	0
180	0
181	1
182	1
183	1
184	0
185	0
186	0
187	0
188	1
189	1
190	0
191	1
192	1
193	1
194	1
195	1
196	1
197	0
198	0
199	1
200	1
201	0
202	0
203	0
204	0
205	0
206	0
207	0
208	0
209	0
210	0
211	0
212	0
213	0
214	0
215	0
216	0
217	0
218	0
219	0
220	1
221	0
222	0
223	0
224	0
225	0
226	0
227	0
228	0
229	0
230	0
231	0
232	0
233	0
234	0
235	0
236	0
237	0
238	0
239	0
240	0
241	0
242	0
243	0
244	0
245	0
246	0
247	0
248	0
249	0
250	0
251	0
252	0
253	0
254	0
255	0
256	0
257	0
258	0
259	0
260	0
261	0
262	0
263	0
264	1
265	0
266	0
267	0
268	0
269	0
270	0
271	0
272	0
273	0
274	1
275	0
276	0
277	0
278	0
279	0
280	0
281	0
282	0
283	0
284	0
285	0
286	0
287	0
288	0
289	0
290	0
291	0
292	0
293	0
294	0
295	0
296	0
297	0
298	1
299	0
300	0
301	1
302	1
303	1
304	0
305	0
306	1
307	1
308	0
309	1
310	0
311	1
312	0
313	0
314	1
315	0
316	0
317	1
318	0
319	0
320	1
321	1
322	1
323	0
324	0
325	0
326	1
327	1
328	0
329	0
330	0
331	1
332	0
333	1
334	1
335	0
336	1
337	1
338	0
339	1
340	0
341	0
342	1
343	1
344	1
345	1
346	1
347	1
348	0
349	1
350	1
351	1
352	1
353	0
354	1
355	1
356	1
357	1
358	1
359	1
360	1
361	2
362	1
363	0
364	1
365	1
366	1
367	0
368	1
369	1
370	1
371	0
372	1
373	1
374	1
375	0
376	1
377	1
378	1
379	1
380	1
381	0
382	0
383	0
384	0
385	1
386	1
387	0
388	0
389	0
390	0
391	1
392	0
393	0
394	0
395	0
396	0
397	0
398	0
399	0
400	0
401	0
402	0
403	0
404	0
405	0
406	0
407	0
408	1
409	1
410	0
411	0
412	0
413	1
414	0
415	0
416	0
417	0
418	0
419	0
420	0
421	0
422	0
423	0
424	0
425	0
426	0
427	0
428	0
429	0
430	0
431	0
432	0
433	0
434	1
435	1
436	1
437	1
438	1
439	0
440	0
441	0
442	0
443	0
444	0
445	0
446	0
447	0
448	1
449	0
450	1
451	0
452	0
453	0
454	0
455	0
456	0
457	0
458	0
459	0
460	0
461	0
462	0
463	0
464	0
465	0
466	0
467	0
468	0
469	0
470	0
471	0
472	0
473	1
474	1
475	0
476	0
477	0
478	0
479	0
480	0
481	0
482	0
483	0
484	0
485	1
486	1
487	0
488	0
489	0
490	0
491	0
492	1
493	0
494	0
495	0
496	0
497	0
498	0
499	1
500	0
501	0
502	0
503	0
504	0
505	1
506	0
507	1
508	1
509	0
510	1
511	1
512	0
513	0
514	0
515	0
516	0
517	1
518	1
519	1
520	0
521	1
522	0
523	0
524	0
525	0
526	0
527	0
528	1
529	0
530	0
531	0
532	0
533	0
534	0
535	1
536	0
537	0
538	0
539	1
540	0
541	1
542	1
543	0
544	1
545	1
546	1
547	0
548	1
549	0
550	1
551	0
552	0
553	1
554	0
555	1
556	2
557	2
558	1
559	1
560	1
561	0
562	1
563	1
564	2
565	0
566	1
567	1
568	1
569	1
570	1
571	2
572	1
573	1
574	0
575	1
576	0
577	1
578	1
579	1
580	0
581	1
582	2
583	1
584	2
585	2
586	1
587	1
588	1
589	1
590	1
591	1
592	0
593	1
594	1
595	0
596	2
597	2
598	0
599	1
600	0
601	0
602	1
603	1
604	1
605	0
606	1
607	0
608	0
609	0
610	0
611	0
612	0
613	0
614	1
615	0
616	0
617	0
618	1
619	0
620	0
621	1
622	0
623	1
624	0
625	0
626	0
627	0
628	0
629	0
630	0
631	0
632	0
633	0
634	1
635	0
636	1
637	0
638	0
639	1
640	0
641	0
642	1
643	1
644	0
645	0
646	1
647	0
648	1
649	1
650	1
651	2
652	0
653	1
654	2
655	1
656	1
657	2
658	1
659	1
660	0
661	1
662	0
663	1
664	0
665	1
666	1
667	1
668	1
669	1
670	1
671	1
672	0
673	1
674	1
675	0
676	1
677	1
678	1
679	0
680	1
681	1
682	1
683	1
684	1
685	0
686	1
687	0
688	0
689	1
690	0
691	0
692	0
693	0
694	0
695	0
696	0
697	0
698	1
699	0
700	0
701	0
702	0
703	0
704	0
705	0
706	0
707	1
708	0
709	0
710	1
711	0
712	1
713	1
714	0
715	0
716	0
717	1
718	0
719	0
720	0
721	0
722	0
723	0
724	0
725	0
726	0
727	0
728	0
729	0
730	0
731	0
732	0
733	0
734	0
735	0
736	1
737	1
738	0
739	0
740	0
741	1
742	1
743	1
744	0
745	1
746	0
747	1
748	1
749	1
750	1
751	1
752	1
753	0
754	1
755	0
756	0
757	1
758	0
759	1
760	2
761	0
762	1
763	0
764	0
765	2
766	0
767	0
768	0
769	1
770	1
771	2
772	0
773	2
774	0
775	0
776	0
777	0
778	0
779	0
780	1
781	0
782	2
783	1
784	1
785	1
786	1
787	1
788	2
789	0
790	0
791	0
792	1
793	1
794	1
795	0
796	0
797	1
798	1
799	1
800	0
801	0
802	1
803	1
804	0
805	1
806	1
807	1
808	1
809	1
810	1
811	0
812	0
813	0
814	0
815	0
816	0
817	1
818	0
819	1
820	1
821	1
822	2
823	1
824	1
825	1
826	1
827	1
828	0
829	0
830	0
831	0
832	0
833	0
834	0
835	0
836	0
837	1
838	0
839	0
840	0
841	0
842	0
843	0
844	0
845	0
846	0
847	0
848	0
849	0
850	0
851	0
852	0
853	0
854	0
855	0
856	0
857	0
858	0
859	1
860	1
861	0
862	1
863	1
864	1
865	1
866	0
867	0
868	1
869	0
870	2
871	1
872	0
873	1
874	0
875	0
876	1
877	0
878	0
879	1
880	1
881	1
882	1
883	1
884	1
885	0
886	1
887	1
888	1
889	1
890	1
891	1
892	1
893	0
894	0
895	0
896	1
897	1
898	1
899	1
900	0
901	1
902	1
903	0
904	1
905	1
906	1
907	0
908	1
909	0
910	0
911	0
912	0
913	1
914	0
915	0
916	0
917	0
918	1
919	1
920	1
921	0
922	1
923	0
924	0
925	0
926	0
927	0
928	0
929	0
930	0
931	0
932	0
933	0
934	0
935	0
936	1
937	1
938	0
939	0
940	0
941	0
942	0
943	0
944	0
945	0
946	0
947	1
948	1
949	0
950	0
951	1
952	0
953	0
954	0
955	0
956	0
957	2
958	0
959	0
960	0
961	0
962	1
963	0
964	1
965	1
966	0
967	1
968	0
969	1
970	1
971	0
972	0
973	0
974	1
975	0
976	0
977	1
978	1
979	1
980	0
981	0
982	0
983	0
984	0
985	0
986	1
987	0
988	0
989	1
990	0
991	1
992	1
993	1
994	1
995	0
996	0
997	1
998	1
999	1
1000	0
1001	0
1002	0
1003	2
1004	1
1005	1
1006	1
1007	0
1008	0
1009	0
1010	0
1011	0
1012	0
1013	0
1014	0
1015	2
1016	0
1017	1
1018	2
1019	1
1020	2
1021	1
1022	1
1023	0
1024	1
1025	1
1026	1
1027	1
1028	1
1029	1
1030	1
1031	0
1032	0
1033	0
1034	1
1035	1
1036	0
1037	1
1038	0
1039	1
1040	0
1041	1
1042	1
1043	1
1044	1
1045	1
1046	1
1047	1
1048	1
1049	1
1050	1
1051	1
1052	1
1053	0
1054	1
1055	1
1056	1
1057	1
1058	1
1059	1
1060	1
1061	1
1062	1
1063	2
1064	1
1065	1
1066	0
1067	2
1068	0
1069	1
1070	1
1071	1
1072	1
1073	0
1074	1
1075	1
1076	1
1077	0
1078	0
1079	0
1080	0
1081	0
1082	0
1083	0
1084	0
1085	0
1086	0
1087	0
1088	0
1089	0
1090	0
1091	0
1092	0
1093	0
1094	0
1095	0
1096	0
1097	0
1098	0
1099	0
1100	0
1101	0
1102	0
1103	0
1104	0
1105	0
1106	0
1107	0
1108	0
1109	0
1110	0
1111	0
1112	0
1113	0
1114	0
1115	0
1116	0
1117	0
1118	0
1119	0
1120	0
1121	0
1122	0
1123	0
1124	0
1125	0
1126	0
1127	0
1128	0
1129	0
1130	0
1131	0
1132	0
1133	0
1134	0
1135	0
1136	0
1137	0
1138	0
1139	0
1140	0
1141	0
1142	0
1143	0
1144	0
1145	0
1146	0
1147	0
1148	1
1149	2
1150	0
1151	0
1152	0
1153	0
1154	0
1155	0
1156	1
1157	0
1158	1
1159	1
1160	0
1161	0
1162	0
1163	0
1164	0
1165	1
1166	1
1167	1
1168	0
1169	0
1170	1
1171	1
1172	0
1173	0
1174	1
1175	1
1176	1
1177	1
1178	0
1179	0
1180	0
1181	1
1182	1
1183	1
1184	0
1185	2
1186	1
1187	1
1188	1
1189	0
1190	0
1191	1
1192	0
1193	0
1194	1
1195	1
1196	1
1197	1
1198	0
1199	1
1200	1
1201	0
1202	0
1203	1
1204	0
1205	0
1206	0
1207	0
1208	0
1209	0
1210	0
1211	0
1212	0
1213	1
1214	1
1215	0
1216	0
1217	1
1218	2
1219	1
1220	0
1221	0
1222	1
1223	1
1224	1
1225	0
1226	0
1227	0
1228	0
1229	1
1230	0
1231	0
1232	0
1233	1
1234	1
1235	1
1236	2
1237	1
1238	0
1239	0
1240	1
1241	0
1242	0
1243	0
1244	0
1245	0
1246	2
1247	1
1248	1
1249	0
1250	1
1251	0
1252	0
1253	0
1254	0
1255	0
1256	1
1257	0
1258	1
1259	2
1260	1
1261	0
1262	0
1263	0
1264	1
1265	1
1266	0
1267	0
1268	0
1269	1
1270	1
1271	1
1272	1
1273	1
1274	0
1275	1
1276	1
1277	1
1278	1
1279	1
1280	0
1281	0
1282	2
1283	1
1284	0
1285	0
1286	1
1287	1
1288	1
1289	1
1290	0
1291	1
1292	1
1293	1
1294	0
1295	0
1296	0
1297	1
1298	1
1299	1
1300	0
1301	0
1302	0
1303	0
1304	0
1305	0
1306	1
1307	1
1308	0
1309	1
1310	1
1311	1
1312	1
1313	1
1314	1
1315	0
1316	0
1317	0
1318	0
1319	0
1320	1
1321	0
1322	1
1323	1
1324	1
1325	1
1326	0
1327	1
1328	1
1329	1
1330	1
1331	0
1332	0
1333	1
1334	1
1335	0
1336	0
1337	0
1338	0
1339	0
1340	0
1341	0
1342	1
1343	1
1344	0
1345	0
1346	1
1347	1
1348	1
1349	1
1350	1
1351	0
1352	0
1353	0
1354	0
1355	0
1356	1
1357	2
1358	0
1359	0
1360	2
1361	0
1362	0
1363	1
1364	1
1365	0
1366	1
1367	1
1368	0
1369	0
1370	0
1371	0
1372	1
1373	0
1374	2
1375	0
1376	0
1377	0
1378	1
1379	0
1380	0
1381	0
1382	1
1383	1
1384	0
1385	0
1386	1
1387	1
1388	0
1389	2
1390	0
1391	1
1392	1
1393	0
1394	0
1395	0
1396	0
1397	1
1398	1
1399	0
1400	0
1401	1
1402	2
1403	1
1404	1
1405	0
1406	0
1407	1
1408	0
1409	0
1410	0
1411	0
1412	0
1413	1
1414	0
1415	0
1416	1
1417	0
1418	0
1419	0
1420	0
1421	0
1422	0
1423	0
1424	0
1425	0
1426	0
1427	0
1428	1
1429	2
1430	0
1431	0
1432	0
1433	1
1434	1
1435	0
1436	0
1437	1
1438	0
1439	1
1440	1
1441	1
1442	0
1443	1
1444	1
1445	0
1446	0
1447	2
1448	1
1449	0
1450	0
1451	0
1452	1
1453	1
1454	0
1455	1
1456	0
1457	1
1458	0
1459	1
1460	0
1461	0
1462	0
1463	1
1464	1
1465	0
1466	0
1467	0
1468	1
1469	1
1470	1
1471	0
1472	1
1473	0
1474	0
1475	0
1476	0
1477	1
1478	1
1479	1
1480	0
1481	1
1482	0
1483	1
1484	1
1485	0
1486	0
1487	0
1488	0
1489	1
1490	1
1491	1
1492	0
1493	0
1494	1
1495	0
1496	0
1497	0
1498	0
1499	1
1500	1
1501	0
1502	1
1503	1
1504	0
1505	1
1506	1
1507	0
1508	0
1509	1
1510	0
1511	0
1512	1
1513	0
1514	1
1515	1
1516	1
1517	1
1518	0
1519	0
1520	0
1521	0
1522	0
1523	1
1524	1
1525	0
1526	0
1527	0
1528	2
1529	1
1530	1
1531	1
1532	0
1533	1
1534	0
1535	1
1536	1
1537	0
1538	2
1539	0
1540	0
1541	0
1542	1
1543	1
1544	1
1545	0
1546	1
1547	1
1548	0
1549	1
1550	1
1551	1
1552	1
1553	2
1554	0
1555	0
1556	1
1557	1
1558	1
1559	0
1560	1
1561	0
1562	1
1563	1
1564	1
1565	0
1566	1
1567	1
1568	0
1569	1
1570	1
1571	0
1572	1
1573	1
1574	0
1575	1
1576	1
1577	0
1578	1
1579	1
1580	1
1581	0
1582	1
1583	1
1584	1
1585	0
1586	0
1587	0
1588	1
1589	0
1590	1
1591	1
1592	0
1593	1
1594	1
1595	0
1596	1
1597	0
1598	0
1599	1
1600	0
1601	1
1602	1
1603	1
1604	1
1605	1
1606	1
1607	1
1608	1
1609	1
1610	0
1611	0
1612	1
1613	0
1614	1
1615	1
1616	0
1617	0
1618	0
1619	1
1620	1
1621	1
1622	1
1623	0
1624	0
1625	1
1626	0
1627	1
1628	1
1629	0
1630	1
1631	0
1632	0
1633	1
1634	1
1635	0
1636	1
1637	0
1638	0
1639	0
1640	1
1641	1
1642	1
1643	1
1644	0
1645	0
1646	0
1647	1
1648	1
1649	1
1650	0
1651	1
1652	1
1653	0
1654	0
1655	2
1656	0
1657	0
1658	1
1659	0
1660	0
1661	0
1662	1
1663	0
1664	1
1665	0
1666	1
1667	0
1668	1
1669	0
1670	0
1671	0
1672	1
1673	0
1674	0
1675	0
1676	1
1677	1
1678	1
1679	1
1680	1
1681	0
1682	0
1683	0
1684	0
1685	1
1686	0
1687	1
1688	1
1689	1
1690	0
1691	1
1692	1
1693	1
1694	0
1695	0
1696	0
1697	0
1698	0
1699	0
1700	1
1701	0
1702	1
1703	0
1704	0
1705	0
1706	0
1707	1
1708	1
1709	1
1710	1
1711	0
1712	0
1713	1
1714	0
1715	0
1716	2
1717	2
1718	1
1719	2
1720	1
1721	1
1722	2
1723	2
1724	1
1725	0
1726	1
1727	2
1728	1
1729	0
1730	1
1731	2
1732	1
1733	2
1734	1
1735	1
1736	0
1737	0
1738	0
1739	0
1740	1
1741	1
1742	1
1743	1
1744	2
1745	1
1746	2
1747	1
1748	0
1749	1
1750	0
1751	0
1752	0
1753	0
1754	0
1755	1
1756	1
1757	0
1758	1
1759	1
1760	1
1761	0
1762	0
1763	0
1764	1
1765	0
1766	0
1767	0
1768	1
1769	0
1770	0
1771	1
1772	1
1773	0
1774	1
1775	1
1776	1
1777	1
1778	2
1779	0
1780	0
1781	0
1782	0
1783	0
1784	0
1785	1
1786	0
1787	1
1788	0
1789	0
1790	0
1791	0
1792	0
1793	0
1794	0
1795	0
1796	0
1797	0
1798	0
1799	0
1800	0
1801	0
1802	0
1803	0
1804	0
1805	0
1806	0
1807	1
1808	0
1809	0
1810	0
1811	0
1812	0
1813	0
1814	1
1815	0
1816	0
1817	0
1818	0
1819	0
1820	0
1821	1
1822	1
1823	0
1824	0
1825	0
1826	0
1827	0
1828	1
1829	0
1830	1
1831	0
1832	1
1833	0
1834	0
1835	0
1836	0
1837	0
1838	0
1839	0
1840	0
1841	1
1842	1
1843	0
1844	1
1845	1
1846	1
1847	0
1848	1
1849	1
1850	1
1851	1
1852	0
1853	0
1854	0
1855	1
1856	1
1857	1
1858	1
1859	1
1860	0
1861	0
1862	1
1863	1
1864	1
1865	0
1866	2
1867	1
1868	1
1869	1
1870	1
1871	1
1872	1
1873	1
1874	0
1875	1
1876	0
1877	1
1878	0
1879	0
1880	1
1881	0
1882	0
1883	0
1884	1
1885	2
1886	1
1887	0
1888	1
1889	1
1890	0
1891	1
1892	0
1893	0
1894	0
1895	0
1896	0
1897	1
1898	0
1899	0
1900	0
1901	0
1902	0
1903	0
1904	1
1905	0
1906	0
1907	0
1908	0
1909	0
1910	0
1911	0
1912	0
1913	0
1914	0
1915	1
1916	0
1917	0
1918	1
1919	1
1920	0
1921	0
1922	0
1923	0
1924	0
1925	1
1926	0
1927	1
1928	2
1929	1
1930	0
1931	1
1932	0
1933	0
1934	1
1935	0
1936	0
1937	0
1938	0
1939	0
1940	0
1941	0
1942	0
1943	0
1944	0
1945	0
1946	0
1947	0
1948	0
1949	0
1950	0
1951	0
1952	0
1953	1
1954	0
1955	0
1956	1
1957	0
1958	1
1959	0
1960	2
1961	1
1962	1
1963	1
1964	0
1965	0
1966	1
1967	1
1968	1
1969	1
1970	0
1971	1
1972	1
1973	0
1974	1
1975	0
1976	0
1977	0
1978	1
1979	1
1980	1
1981	0
1982	0
1983	1
1984	2
1985	0
1986	1
1987	1
1988	1
1989	1
1990	0
1991	1
1992	0
1993	0
1994	1
1995	0
1996	1
1997	1
1998	1
1999	2
2000	1
2001	1
2002	0
2003	0
2004	1
2005	0
2006	0
2007	1
2008	0
2009	1
2010	0
2011	0
2012	1
2013	0
2014	1
2015	0
2016	1
2017	1
2018	0
2019	0
2020	0
2021	1
2022	1
2023	1
2024	1
2025	0
2026	1
2027	0
2028	1
2029	1
2030	1
2031	1
2032	0
2033	1
2034	1
2035	1
2036	0
2037	1
2038	0
2039	0
2040	0
2041	1
2042	1
2043	1
2044	0
2045	0
2046	0
2047	1
2048	1
2049	0
2050	0
2051	0
2052	1
2053	0
2054	1
2055	0
2056	1
2057	0
2058	0
2059	0
2060	1
2061	2
2062	1
2063	2
2064	0
2065	0
2066	0
2067	0
2068	0
2069	1
2070	1
2071	0
2072	2
2073	1
2074	1
2075	0
2076	0
2077	1
2078	0
2079	1
2080	0
2081	0
2082	1
2083	1
2084	0
2085	0
2086	1
2087	0
2088	1
2089	0
2090	0
2091	0
2092	0
2093	1
2094	1
2095	1
2096	1
2097	0
2098	2
2099	0
2100	1
2101	1
2102	1
2103	0
2104	1
2105	1
2106	1
2107	1
2108	1
2109	1
2110	1
2111	1
2112	1
2113	0
2114	1
2115	1
2116	1
2117	1
2118	1
2119	2
2120	1
2121	1
2122	1
2123	0
2124	2
2125	1
2126	1
2127	1
2128	1
2129	0
2130	0
2131	1
2132	0
2133	1
2134	2
2135	0
2136	0
2137	1
2138	1
2139	1
2140	1
2141	1
2142	0
2143	0
2144	0
2145	0
2146	1
2147	0
2148	1
2149	1
2150	1
2151	1
2152	1
2153	0
2154	1
2155	1
2156	1
2157	2
2158	1
2159	0
2160	1
2161	1
2162	1
2163	1
2164	1
2165	1
2166	0
2167	2
2168	1
2169	0
2170	1
2171	0
2172	1
2173	1
2174	1
2175	1
2176	1
2177	1
2178	2
2179	1
2180	0
2181	0
2182	0
2183	0
2184	1
2185	0
2186	1
2187	0
2188	1
2189	0
2190	0
2191	1
2192	1
2193	1
2194	1
2195	1
2196	0
2197	1
2198	1
2199	1
2200	1
2201	0
2202	0
2203	2
2204	0
2205	0
2206	0
2207	0
2208	0
2209	0
2210	0
2211	1
2212	0
2213	0
2214	0
2215	2
2216	1
2217	1
2218	1
2219	1
2220	0
2221	0
2222	1
2223	1
2224	1
2225	0
2226	0
2227	1
2228	1
2229	1
2230	0
2231	1
2232	0
2233	0
2234	0
2235	0
2236	0
2237	0
2238	0
2239	0
2240	0
2241	0
2242	1
2243	1
2244	1
2245	1
2246	0
2247	1
2248	0
2249	1
2250	1
2251	1
2252	0
2253	1
2254	1
2255	1
2256	2
2257	0
2258	1
2259	1
2260	0
2261	1
2262	2
2263	1
2264	1
2265	1
2266	1
2267	2
2268	1
2269	1
2270	1
2271	1
2272	2
2273	0
2274	1
2275	0
2276	1
2277	1
2278	1
2279	1
2280	1
2281	1
2282	1
2283	0
2284	1
2285	1
2286	0
2287	0
2288	0
2289	1
2290	1
2291	0
2292	1
2293	1
2294	0
2295	1
2296	1
2297	0
2298	0
2299	0
2300	0
2301	0
2302	1
2303	0
2304	1
2305	0
2306	0
2307	0
2308	0
2309	0
2310	0
2311	0
2312	0
2313	0
2314	0
2315	0
2316	0
2317	1
2318	1
2319	0
2320	0
2321	1
2322	1
2323	1
2324	1
2325	1
2326	1
2327	1
2328	0
2329	1
2330	0
2331	1
2332	0
2333	0
2334	1
2335	1
2336	1
2337	1
2338	1
2339	2
2340	1
2341	2
2342	1
2343	0
2344	1
2345	1
2346	1
2347	0
2348	0
2349	1
2350	0
2351	0
2352	1
2353	0
2354	0
2355	1
2356	0
2357	0
2358	1
2359	1
2360	0
2361	0
2362	0
2363	1
2364	1
2365	1
2366	1
2367	1
2368	1
2369	1
2370	0
2371	0
2372	1
2373	0
2374	0
2375	1
2376	1
2377	1
2378	1
2379	0
2380	0
2381	1
2382	1
2383	0
2384	1
2385	0
2386	1
2387	1
2388	1
2389	1
2390	1
2391	1
2392	1
2393	0
2394	1
2395	0
2396	1
2397	2
2398	0
2399	1
2400	1
2401	1
2402	0
2403	1
2404	2
2405	1
2406	0
2407	1
2408	0
2409	1
2410	1
2411	1
2412	0
2413	1
2414	0
2415	1
2416	0
2417	1
2418	0
2419	0
2420	1
2421	0
2422	0
2423	1
2424	1
2425	0
2426	1
2427	1
2428	1
2429	1
2430	0
2431	1
2432	1
2433	0
2434	0
2435	0
2436	0
2437	0
2438	0
2439	0
2440	0
2441	1
2442	1
2443	0
2444	2
2445	1
2446	1
2447	0
2448	1
2449	1
2450	0
2451	1
2452	0
2453	2
2454	0
2455	0
2456	1
2457	1
2458	0
2459	1
2460	1
2461	0
2462	0
2463	1
2464	0
2465	0
2466	1
2467	2
2468	1
2469	1
2470	2
2471	1
2472	1
2473	0
2474	0
2475	2
2476	0
2477	1
2478	1
2479	1
2480	1
2481	1
2482	1
2483	2
2484	1
2485	0
2486	0
2487	0
2488	0
2489	0
2490	0
2491	0
2492	0
2493	0
2494	0
2495	0
2496	0
2497	0
2498	0
2499	0
2500	0
2501	1
2502	1
2503	1
2504	0
2505	1
2506	1
2507	1
2508	0
2509	1
2510	1
2511	0
2512	2
2513	0
2514	1
2515	1
2516	0
2517	0
2518	1
2519	0
2520	1
2521	1
2522	1
2523	0
2524	1
2525	0
2526	0
2527	0
2528	0
2529	1
2530	2
2531	2
2532	2
2533	2
2534	3
2535	1
2536	1
2537	3
2538	2
2539	3
2540	1
2541	1
2542	1
2543	1
2544	1
2545	1
2546	1
2547	2
2548	2
2549	2
2550	1
2551	2
2552	0
2553	2
2554	0
2555	1
2556	2
2557	1
2558	2
2559	2
2560	1
2561	2
2562	3
2563	2
2564	3
2565	2
2566	3
2567	1
2568	2
2569	1
2570	1
2571	2
2572	2
2573	2
2574	1
2575	2
2576	1
2577	1
2578	1
2579	2
2580	2
2581	1
2582	1
2583	1
2584	1
2585	2
2586	1
2587	1
2588	2
2589	2
2590	2
2591	1
2592	1
2593	2
2594	2
2595	1
2596	2
2597	2
2598	1
2599	1
2600	1
2601	1
2602	1
2603	2
2604	2
2605	2
2606	1
2607	2
2608	1
2609	2
2610	1
2611	1
2612	2
2613	1
2614	2
2615	2
2616	0
2617	2
2618	2
2619	2
2620	2
2621	2
2622	1
2623	1
2624	1
2625	1
2626	2
2627	1
2628	1
2629	1
2630	2
2631	1
2632	0
2633	1
2634	1
2635	1
2636	0
2637	2
2638	1
2639	1
2640	1
2641	0
2642	0
2643	2
2644	2
2645	0
2646	1
2647	1
2648	1
2649	1
2650	1
2651	1
2652	1
2653	2
2654	2
2655	2
2656	2
2657	2
2658	2
2659	2
2660	2
2661	1
2662	1
2663	1
2664	2
2665	2
2666	1
2667	1
2668	1
2669	1
2670	1
2671	1
2672	2
2673	1
2674	2
2675	2
2676	1
2677	2
2678	2
2679	1
2680	1
2681	1
2682	1
2683	2
2684	2
2685	2
2686	2
2687	1
2688	2
2689	2
2690	2
2691	1
2692	1
2693	1
2694	1
2695	1
2696	0
2697	1
2698	1
2699	2
2700	2
2701	1
2702	1
2703	3
2704	3
2705	2
2706	3
2707	3
2708	3
2709	2
2710	3
2711	2
2712	3
2713	3
2714	3
2715	3
2716	3
2717	1
2718	3
2719	2
2720	2
2721	3
2722	3
2723	1
2724	3
2725	3
2726	2
2727	2
2728	3
2729	3
2730	2
2731	2
2732	1
2733	3
2734	2
2735	3
2736	2
2737	1
2738	2
2739	1
2740	2
2741	2
2742	2
2743	1
2744	3
2745	3
2746	1
2747	3
2748	3
2749	2
2750	2
2751	3
2752	3
2753	1
2754	2
2755	3
2756	1
2757	2
2758	3
2759	2
2760	3
2761	2
2762	2
2763	3
2764	2
2765	2
2766	3
2767	2
2768	2
2769	3
2770	2
2771	2
2772	2
2773	2
2774	2
2775	2
2776	1
2777	3
2778	2
2779	3
2780	2
2781	2
2782	2
2783	2
2784	3
2785	2
2786	1
2787	3
2788	2
2789	2
2790	3
2791	2
2792	3
2793	2
2794	1
2795	1
2796	1
2797	2
2798	1
2799	1
2800	2
2801	1
2802	2
2803	1
2804	1
2805	1
2806	1
2807	1
2808	1
2809	0
2810	1
2811	1
2812	1
2813	2
2814	1
2815	2
2816	2
2817	1
2818	2
2819	1
2820	1
2821	1
2822	1
2823	2
2824	1
2825	1
2826	1
2827	1
2828	1
2829	1
2830	2
2831	2
2832	2
2833	1
2834	1
2835	1
2836	0
2837	2
2838	1
2839	2
2840	3
2841	3
2842	2
2843	1
2844	2
2845	1
2846	2
2847	2
2848	1
2849	2
2850	2
2851	2
2852	2
2853	2
2854	1
2855	1
2856	2
2857	2
2858	2
2859	2
2860	2
2861	1
2862	2
2863	1
2864	0
2865	1
2866	3
2867	2
2868	2
2869	1
2870	3
2871	2
2872	1
2873	1
2874	2
2875	1
2876	2
2877	1
2878	1
2879	1
2880	2
2881	3
2882	3
2883	1
2884	1
2885	1
2886	1
2887	1
2888	2
2889	2
2890	2
2891	1
2892	1
2893	2
2894	1
2895	1
2896	2
2897	2
2898	1
2899	2
2900	1
2901	2
2902	2
2903	1
2904	2
2905	2
2906	1
2907	1
2908	2
2909	1
2910	2
2911	2
2912	1
2913	2
2914	1
2915	2
2916	1
2917	2
2918	2
2919	2
2920	2
2921	2
2922	2
2923	1
2924	2
2925	2
2926	2
2927	2
2928	2
2929	2
2930	2
2931	1
2932	2
2933	2
2934	3
2935	2
2936	2
2937	2
2938	1
2939	2
2940	1
2941	3
2942	2
2943	3
2944	2
2945	3
2946	2
2947	3
2948	2
2949	3
2950	2
2951	2
2952	2
2953	2
2954	2
2955	3
2956	3
2957	3
2958	2
2959	3
2960	2
2961	3
2962	1
2963	2
2964	1
2965	1
2966	1
2967	1
2968	1
2969	2
2970	2
2971	3
2972	2
2973	3
2974	2
2975	1
2976	3
2977	3
2978	3
2979	2
2980	3
2981	3
2982	3
2983	2
2984	2
2985	3
2986	2
2987	2
2988	2
2989	2
2990	3
2991	3
2992	3
2993	1
2994	2
2995	2
2996	3
2997	2
2998	3
2999	3
3000	2
3001	2
3002	3
3003	3
3004	2
3005	3
3006	2
3007	3
3008	3
3009	2
3010	2
3011	2
3012	3
3013	3
3014	2
3015	2
3016	3
3017	2
3018	3
3019	1
3020	1
3021	2
3022	2
3023	2
3024	1
3025	1
3026	2
3027	1
3028	0
3029	1
3030	0
3031	1
3032	1
3033	2
3034	2
3035	2
3036	2
3037	2
3038	1
3039	1
3040	2
3041	1
3042	1
3043	1
3044	0
3045	1
3046	1
3047	0
3048	1
3049	1
3050	1
3051	1
3052	1
3053	1
3054	1
3055	1
3056	1
3057	1
3058	2
3059	1
3060	1
3061	1
3062	1
3063	1
3064	0
3065	1
3066	2
3067	1
3068	2
3069	0
3070	1
3071	2
3072	2
3073	2
3074	1
3075	2
3076	2
3077	2
3078	2
3079	1
3080	1
3081	1
3082	2
3083	1
3084	2
3085	1
3086	1
3087	2
3088	1
3089	2
3090	1
3091	0
3092	2
3093	1
3094	2
3095	1
3096	1
3097	1
3098	0
3099	0
3100	1
3101	2
3102	2
3103	1
3104	1
3105	1
3106	1
3107	1
3108	3
3109	2
3110	2
3111	1
3112	1
3113	1
3114	2
3115	1
3116	1
3117	1
3118	1
3119	1
3120	1
3121	1
3122	2
3123	2
3124	2
3125	3
3126	3
3127	3
3128	1
3129	3
3130	2
3131	3
3132	2
3133	2
3134	3
3135	1
3136	1
3137	1
3138	1
3139	2
3140	1
3141	2
3142	2
3143	0
3144	1
3145	2
3146	2
3147	2
3148	1
3149	2
3150	3
3151	3
3152	2
3153	2
3154	0
3155	2
3156	2
3157	1
3158	1
3159	3
3160	2
3161	2
3162	2
3163	2
3164	0
3165	1
3166	1
3167	1
3168	1
3169	2
3170	1
3171	2
3172	1
3173	3
3174	1
3175	1
3176	1
3177	2
3178	1
3179	1
3180	0
3181	2
3182	3
3183	2
3184	2
3185	2
3186	1
3187	0
3188	2
3189	1
3190	1
3191	2
3192	0
3193	1
3194	2
3195	2
3196	3
3197	2
3198	2
3199	1
3200	2
3201	2
3202	2
3203	2
3204	1
3205	2
3206	2
3207	2
3208	2
3209	3
3210	3
3211	3
3212	3
3213	2
3214	2
3215	2
3216	2
3217	2
3218	2
3219	2
3220	1
3221	2
3222	2
3223	2
3224	1
3225	2
3226	1
3227	2
3228	3
3229	2
3230	2
3231	3
3232	2
3233	2
3234	2
3235	2
3236	1
3237	3
3238	2
3239	3
3240	2
3241	2
3242	2
3243	2
3244	0
3245	1
3246	2
3247	2
3248	2
3249	1
3250	1
3251	2
3252	2
3253	1
3254	2
3255	2
3256	2
3257	1
3258	2
3259	2
3260	1
3261	1
3262	1
3263	2
3264	1
3265	1
3266	1
3267	1
3268	2
3269	1
3270	2
3271	1
3272	2
3273	2
3274	2
3275	2
3276	2
3277	2
3278	2
3279	2
3280	2
3281	2
3282	2
3283	1
3284	2
3285	1
3286	1
3287	2
3288	2
3289	1
3290	2
3291	2
3292	2
3293	2
3294	2
3295	1
3296	2
3297	2
3298	2
3299	1
3300	1
3301	2
3302	2
3303	2
3304	1
3305	3
3306	2
3307	1
3308	0
3309	3
3310	1
3311	3
3312	0
3313	3
3314	1
3315	2
3316	2
3317	2
3318	2
3319	2
3320	0
3321	1
3322	2
3323	2
3324	0
3325	0
3326	1
3327	1
3328	0
3329	1
3330	1
3331	0
3332	1
3333	1
3334	1
3335	1
3336	1
3337	1
3338	2
3339	1
3340	1
3341	2
3342	2
3343	1
3344	1
3345	2
3346	1
3347	1
3348	1
3349	1
3350	1
3351	1
3352	1
3353	1
3354	1
3355	1
3356	1
3357	1
3358	1
3359	1
3360	1
3361	1
3362	0
3363	1
3364	0
3365	1
3366	0
3367	1
3368	1
3369	1
3370	1
3371	2
3372	2
3373	1
3374	1
3375	0
3376	1
3377	2
3378	1
3379	2
3380	1
3381	1
3382	1
3383	1
3384	1
3385	1
3386	1
3387	1
3388	2
3389	1
3390	1
3391	1
3392	1
3393	1
3394	1
3395	2
3396	1
3397	1
3398	2
3399	1
3400	2
3401	2
3402	3
3403	2
3404	2
3405	1
3406	2
3407	2
3408	1
3409	2
3410	2
3411	1
3412	1
3413	2
3414	2
3415	2
3416	2
3417	1
3418	2
3419	2
3420	1
3421	1
3422	2
3423	2
3424	2
3425	2
3426	2
3427	2
3428	2
3429	2
3430	1
3431	2
3432	1
3433	2
3434	2
3435	2
3436	1
3437	2
3438	3
3439	3
3440	1
3441	0
3442	1
3443	2
3444	2
3445	2
3446	2
3447	2
3448	3
3449	2
3450	1
3451	1
3452	2
3453	1
3454	2
3455	2
3456	1
3457	2
3458	2
3459	2
3460	2
3461	2
3462	2
3463	3
3464	2
3465	3
3466	2
3467	1
3468	2
3469	2
3470	2
3471	2
3472	1
3473	1
3474	1
3475	2
3476	2
3477	2
3478	3
3479	3
3480	1
3481	1
3482	2
3483	1
3484	1
3485	2
3486	0
3487	1
3488	2
3489	1
3490	1
3491	1
3492	1
3493	1
3494	1
3495	3
3496	2
3497	2
3498	2
3499	1
3500	1
3501	1
3502	1
3503	0
3504	1
3505	1
3506	1
3507	1
3508	1
3509	2
3510	1
3511	2
3512	1
3513	1
3514	2
3515	1
3516	1
3517	1
3518	1
3519	1
3520	2
3521	0
3522	2
3523	2
3524	2
3525	2
3526	2
3527	2
3528	1
3529	2
3530	2
3531	1
3532	1
3533	2
3534	2
3535	1
3536	2
3537	0
3538	1
3539	2
3540	1
3541	2
3542	1
3543	2
3544	1
3545	1
3546	2
3547	1
3548	1
3549	1
3550	2
3551	1
3552	2
3553	2
3554	2
3555	2
3556	1
3557	1
3558	1
3559	2
3560	1
3561	1
3562	1
3563	1
3564	2
3565	2
3566	1
3567	3
3568	1
3569	1
3570	1
3571	1
3572	1
3573	2
3574	1
3575	1
3576	1
3577	1
3578	1
3579	1
3580	1
3581	2
3582	1
3583	2
3584	1
3585	1
3586	1
3587	2
3588	1
3589	1
3590	1
3591	1
3592	1
3593	1
3594	1
3595	1
3596	1
3597	2
3598	1
3599	2
3600	2
3601	2
3602	2
3603	2
3604	2
3605	1
3606	2
3607	2
3608	3
3609	2
3610	1
3611	1
3612	1
3613	1
3614	1
3615	2
3616	1
3617	1
3618	1
3619	1
3620	2
3621	1
3622	1
3623	1
3624	1
3625	2
3626	1
3627	2
3628	1
3629	1
3630	1
3631	1
3632	1
3633	1
3634	2
3635	1
3636	1
3637	1
3638	1
3639	1
3640	2
3641	2
3642	2
3643	1
3644	2
3645	2
3646	2
3647	3
3648	3
3649	3
3650	2
3651	2
3652	2
3653	2
3654	3
3655	2
3656	2
3657	2
3658	3
3659	2
3660	2
3661	2
3662	2
3663	2
3664	2
3665	2
3666	2
3667	1
3668	2
3669	1
3670	2
3671	2
3672	3
3673	3
3674	2
3675	2
3676	2
3677	3
3678	2
3679	2
3680	1
3681	1
3682	3
3683	3
3684	1
3685	2
3686	2
3687	2
3688	1
3689	2
3690	1
3691	3
3692	2
3693	1
3694	2
3695	2
3696	1
3697	2
3698	2
3699	2
3700	2
3701	2
3702	3
3703	1
3704	3
3705	2
3706	2
3707	2
3708	2
3709	2
3710	2
3711	1
3712	1
3713	3
3714	1
3715	2
3716	1
3717	1
3718	1
3719	1
3720	2
3721	1
3722	1
3723	1
3724	1
3725	1
3726	1
3727	1
3728	1
3729	1
3730	1
3731	1
3732	1
3733	1
3734	1
3735	1
3736	1
3737	2
3738	1
3739	1
3740	1
3741	1
3742	2
3743	1
3744	1
3745	1
3746	2
3747	1
3748	2
3749	1
3750	2
3751	2
3752	1
3753	1
3754	1
3755	2
3756	3
3757	2
3758	1
3759	3
3760	2
3761	2
3762	2
3763	3
3764	3
3765	2
3766	2
3767	3
3768	2
3769	2
3770	2
3771	2
3772	2
3773	1
3774	2
3775	1
3776	2
3777	1
3778	2
3779	2
3780	2
3781	2
3782	2
3783	2
3784	3
3785	3
3786	3
3787	2
3788	2
3789	2
3790	3
3791	3
3792	2
3793	2
3794	2
3795	2
3796	3
3797	2
3798	1
3799	2
3800	2
3801	2
3802	2
3803	2
3804	2
3805	3
3806	3
3807	2
3808	3
3809	2
3810	2
3811	2
3812	1
3813	1
3814	0
3815	2
3816	0
3817	2
3818	2
3819	2
3820	1
3821	0
3822	2
3823	2
3824	2
3825	2
3826	2
3827	1
3828	0
3829	1
3830	1
3831	2
3832	1
3833	1
3834	1
3835	1
3836	2
3837	2
3838	2
3839	2
3840	2
3841	2
3842	1
3843	1
3844	1
3845	1
3846	1
3847	2
3848	1
3849	1
3850	1
3851	0
3852	2
3853	2
3854	2
3855	0
3856	2
3857	2
3858	2
3859	0
3860	2
3861	2
3862	2
3863	1
3864	2
3865	1
3866	1
3867	1
3868	1
3869	2
3870	1
3871	1
3872	2
3873	2
3874	1
3875	2
3876	1
3877	2
3878	1
3879	2
3880	2
3881	1
3882	2
3883	2
3884	2
3885	2
3886	2
3887	1
3888	3
3889	1
3890	1
3891	1
3892	0
3893	0
3894	0
3895	1
3896	1
3897	1
3898	1
3899	1
3900	1
3901	0
3902	1
3903	1
3904	2
3905	1
3906	1
3907	1
3908	0
3909	1
3910	1
3911	0
3912	1
3913	0
3914	1
3915	0
3916	0
3917	0
3918	0
3919	0
3920	1
3921	0
3922	0
3923	0
3924	1
3925	1
3926	2
3927	1
3928	2
3929	0
3930	1
3931	1
3932	1
3933	2
3934	1
3935	1
3936	1
3937	1
3938	1
3939	1
3940	1
3941	1
3942	2
3943	2
3944	0
3945	1
3946	1
3947	1
3948	1
3949	1
3950	0
3951	1
3952	0
3953	1
3954	1
3955	1
3956	2
3957	1
3958	1
3959	2
3960	1
3961	2
3962	0
3963	0
3964	1
3965	2
3966	2
3967	1
3968	2
3969	1
3970	2
3971	2
3972	1
3973	1
3974	0
3975	2
3976	1
3977	1
3978	0
3979	2
3980	1
3981	1
3982	1
3983	1
3984	1
3985	1
3986	2
3987	0
3988	1
3989	1
3990	0
3991	0
3992	1
3993	1
3994	2
3995	1
3996	2
3997	2
3998	0
3999	1
4000	1
4001	1
4002	1
4003	2
4004	2
4005	1
4006	2
4007	2
4008	2
4009	1
4010	2
4011	2
4012	1
4013	2
4014	2
4015	2
4016	2
4017	2
4018	1
4019	1
4020	1
4021	1
4022	1
4023	2
4024	1
4025	0
4026	2
4027	2
4028	2
4029	2
4030	2
4031	2
4032	2
4033	1
4034	2
4035	2
4036	2
4037	0
4038	0
4039	1
4040	2
4041	1
4042	1
4043	2
4044	1
4045	0
4046	1
4047	2
4048	3
4049	2
4050	1
4051	2
4052	1
4053	2
4054	1
4055	2
4056	2
4057	1
4058	2
4059	2
4060	2
4061	2
4062	1
4063	2
4064	0
4065	1
4066	1
4067	1
4068	0
4069	1
4070	1
4071	0
4072	1
4073	1
4074	1
4075	2
4076	1
4077	2
4078	1
4079	2
4080	0
4081	1
4082	1
4083	1
4084	1
4085	1
4086	1
4087	1
4088	1
4089	1
4090	1
4091	1
4092	1
4093	1
4094	1
4095	2
4096	1
4097	1
4098	1
4099	0
4100	1
4101	1
4102	1
4103	1
4104	1
4105	1
4106	1
4107	1
4108	1
4109	0
4110	0
4111	1
4112	1
4113	1
4114	1
4115	1
4116	1
4117	1
4118	1
4119	1
4120	1
4121	1
4122	1
4123	2
4124	2
4125	2
4126	1
4127	2
4128	0
4129	1
4130	1
4131	1
4132	1
4133	0
4134	2
4135	1
4136	1
4137	2
4138	1
4139	2
4140	1
4141	1
4142	2
4143	1
4144	2
4145	2
4146	1
4147	1
4148	1
4149	1
4150	1
4151	1
4152	3
4153	1
4154	0
4155	0
4156	2
4157	0
4158	0
4159	0
4160	1
4161	0
4162	1
4163	2
4164	0
4165	0
4166	0
4167	0
4168	0
4169	2
4170	0
4171	0
4172	0
4173	0
4174	0
4175	1
4176	0
4177	0
4178	0
4179	0
4180	0
4181	0
4182	0
4183	0
4184	0
4185	0
4186	2
4187	0
4188	0
4189	0
4190	0
4191	1
4192	0
4193	0
4194	0
4195	0
4196	0
4197	0
4198	0
4199	0
4200	1
4201	0
4202	0
4203	0
4204	0
4205	0
4206	0
4207	0
4208	0
4209	0
4210	0
4211	0
4212	0
4213	0
4214	0
4215	0
4216	0
4217	0
4218	0
4219	0
4220	0
4221	0
4222	0
4223	0
4224	1
4225	1
4226	0
4227	0
4228	0
4229	0
4230	0
4231	0
4232	0
4233	0
4234	0
4235	0
4236	1
4237	0
4238	0
4239	0
4240	0
4241	0
4242	1
4243	0
4244	0
4245	0
4246	0
4247	0
4248	0
4249	0
4250	0
4251	0
4252	0
4253	0
4254	0
4255	0
4256	0
4257	0
4258	0
4259	0
4260	0
4261	0
4262	0
4263	0
4264	0
4265	0
4266	0
4267	0
4268	0
4269	0
4270	0
4271	0
4272	0
4273	0
4274	0
4275	0
4276	0
4277	0
4278	0
4279	1
4280	0
4281	0
4282	0
4283	0
4284	1
4285	0
4286	0
4287	0
4288	0
4289	1
4290	0
4291	0
4292	0
4293	0
4294	0
4295	0
4296	0
4297	0
4298	0
4299	0
4300	1
4301	0
4302	0
4303	0
4304	0
4305	0
4306	0
4307	0
4308	0
4309	0
4310	0
4311	0
4312	0
4313	0
4314	0
4315	0
4316	0
4317	0
4318	0
4319	0
4320	0
4321	0
4322	1
4323	0
4324	0
4325	0
4326	0
4327	0
4328	1
4329	0
4330	0
4331	1
4332	1
4333	1
4334	1
4335	1
4336	0
4337	0
4338	1
4339	0
4340	1
4341	1
4342	1
4343	1
4344	1
4345	0
4346	1
4347	1
4348	1
4349	1
4350	1
4351	1
4352	1
4353	1
4354	1
4355	1
4356	1
4357	1
4358	1
4359	1
4360	1
4361	1
4362	0
4363	1
4364	1
4365	2
4366	0
4367	1
4368	0
4369	2
4370	1
4371	1
4372	1
4373	1
4374	1
4375	2
4376	1
4377	2
4378	1
4379	1
4380	2
4381	0
4382	0
4383	1
4384	1
4385	1
4386	1
4387	1
4388	0
4389	3
4390	2
4391	0
4392	1
4393	2
4394	1
4395	1
4396	1
4397	1
4398	1
4399	1
4400	1
4401	1
4402	1
4403	0
4404	1
4405	1
4406	1
4407	1
4408	1
4409	1
4410	1
4411	1
4412	1
4413	0
4414	1
4415	1
4416	1
4417	1
4418	2
4419	1
4420	1
4421	1
4422	1
4423	1
4424	1
4425	1
4426	1
4427	1
4428	0
4429	1
4430	1
4431	2
4432	0
4433	1
4434	1
4435	1
4436	1
4437	1
4438	1
4439	0
4440	0
4441	2
4442	0
4443	1
4444	1
4445	1
4446	1
4447	1
4448	0
4449	1
4450	1
4451	1
4452	1
4453	0
4454	1
4455	1
4456	1
4457	1
4458	0
4459	1
4460	0
4461	0
4462	0
4463	1
4464	2
4465	1
4466	1
4467	1
4468	1
4469	1
4470	1
4471	1
4472	1
4473	1
4474	1
4475	1
4476	1
4477	1
4478	1
4479	1
4480	2
4481	1
4482	1
4483	1
4484	0
4485	1
4486	1
4487	1
4488	1
4489	1
4490	2
4491	1
4492	0
4493	2
4494	1
4495	1
4496	0
4497	1
4498	1
4499	1
4500	0
4501	0
4502	1
4503	1
4504	1
4505	1
4506	2
4507	0
4508	1
4509	1
4510	1
4511	1
4512	1
4513	1
4514	2
4515	1
4516	1
4517	0
4518	1
4519	1
4520	1
4521	0
4522	1
4523	1
4524	0
4525	0
4526	0
4527	0
4528	0
4529	0
4530	1
4531	1
4532	0
4533	0
4534	0
4535	1
4536	0
4537	0
4538	0
4539	0
4540	0
4541	0
4542	0
4543	0
4544	0
4545	0
4546	0
4547	0
4548	1
4549	0
4550	0
4551	0
4552	0
4553	0
4554	0
4555	1
4556	0
4557	1
4558	1
4559	1
4560	1
4561	1
4562	1
4563	0
4564	0
4565	2
4566	1
4567	0
4568	0
4569	0
4570	1
4571	1
4572	1
4573	0
4574	1
4575	1
4576	0
4577	0
4578	0
4579	0
4580	1
4581	1
4582	0
4583	1
4584	1
4585	2
4586	1
4587	1
4588	1
4589	1
4590	2
4591	2
4592	2
4593	1
4594	2
4595	0
4596	1
4597	1
4598	2
4599	1
4600	1
4601	1
4602	1
4603	1
4604	1
4605	1
4606	1
4607	0
4608	1
4609	1
4610	1
4611	1
4612	1
4613	1
4614	1
4615	1
4616	1
4617	1
4618	0
4619	1
4620	0
4621	0
4622	1
4623	1
4624	1
4625	1
4626	1
4627	0
4628	1
4629	1
4630	1
4631	1
4632	1
4633	1
4634	1
4635	1
4636	1
4637	0
4638	1
4639	1
4640	2
4641	1
4642	1
4643	1
4644	1
4645	1
4646	0
4647	0
4648	0
4649	0
4650	1
4651	0
4652	0
4653	1
4654	0
4655	0
4656	0
4657	0
4658	0
4659	0
4660	0
4661	1
4662	1
4663	1
4664	1
4665	1
4666	1
4667	0
4668	0
4669	0
4670	0
4671	0
4672	0
4673	1
4674	1
4675	1
4676	1
4677	1
4678	1
4679	1
4680	1
4681	1
4682	1
4683	1
4684	1
4685	0
4686	1
4687	0
4688	0
4689	1
4690	1
4691	2
4692	1
4693	1
4694	1
4695	1
4696	1
4697	1
4698	1
4699	1
4700	1
4701	1
4702	0
4703	1
4704	1
4705	1
4706	1
4707	1
4708	1
4709	1
4710	1
4711	1
4712	1
4713	1
4714	1
4715	1
4716	1
4717	1
4718	1
4719	1
4720	1
4721	0
4722	1
4723	1
4724	1
4725	1
4726	0
4727	0
4728	1
4729	1
4730	1
4731	1
4732	1
4733	1
4734	0
4735	0
4736	0
4737	0
4738	0
4739	0
4740	0
4741	0
4742	0
4743	0
4744	0
4745	0
4746	0
4747	0
4748	1
4749	0
4750	0
4751	0
4752	1
4753	0
4754	0
4755	0
4756	0
4757	1
4758	1
4759	1
4760	1
4761	1
4762	1
4763	1
4764	0
4765	1
4766	1
4767	1
4768	1
4769	1
4770	1
4771	2
4772	1
4773	1
4774	1
4775	1
4776	1
4777	1
4778	1
4779	1
4780	0
4781	1
4782	1
4783	1
4784	1
4785	1
4786	0
4787	1
4788	1
4789	1
4790	1
4791	1
4792	1
4793	1
4794	1
4795	0
4796	1
4797	0
4798	0
4799	0
4800	1
4801	1
4802	0
4803	1
4804	1
4805	1
4806	0
4807	1
4808	1
4809	1
4810	1
4811	0
4812	1
4813	1
4814	1
4815	0
4816	0
4817	1
4818	0
4819	0
4820	1
4821	1
4822	2
4823	1
4824	1
4825	1
4826	2
4827	1
4828	0
4829	1
4830	1
4831	0
4832	1
4833	1
4834	1
4835	1
4836	1
4837	0
4838	1
4839	0
4840	0
4841	0
4842	1
4843	0
4844	0
4845	0
4846	0
4847	1
4848	0
4849	1
4850	0
4851	1
4852	1
4853	1
4854	1
4855	1
4856	1
4857	1
4858	1
4859	1
4860	1
4861	1
4862	1
4863	1
4864	1
4865	2
4866	0
4867	1
4868	1
4869	1
4870	1
4871	1
4872	0
4873	0
4874	0
4875	1
4876	0
4877	1
4878	0
4879	0
4880	1
4881	0
4882	0
4883	0
4884	1
4885	0
4886	0
4887	1
4888	1
4889	1
4890	0
4891	0
4892	1
4893	0
4894	0
4895	0
4896	0
4897	0
4898	0
4899	1
4900	1
4901	1
4902	0
4903	1
4904	1
4905	1
4906	0
4907	0
4908	1
4909	1
4910	1
4911	0
4912	1
4913	1
4914	0
4915	0
4916	1
4917	1
4918	0
4919	1
4920	1
4921	1
4922	1
4923	0
4924	1
4925	0
4926	0
4927	0
4928	1
4929	1
4930	0
4931	0
4932	0
4933	0
4934	0
4935	0
4936	0
4937	0
4938	0
4939	0
4940	1
4941	0
4942	1
4943	0
4944	1
4945	0
4946	0
4947	0
4948	1
4949	0
4950	0
4951	1
4952	0
4953	1
4954	0
4955	1
4956	0
4957	1
4958	1
4959	0
4960	0
4961	1
4962	0
4963	1
4964	2
4965	0
4966	1
4967	2
4968	0
4969	1
4970	1
4971	1
4972	1
4973	1
4974	1
4975	0
4976	1
4977	0
4978	1
4979	1
4980	1
4981	1
4982	1
4983	2
4984	2
4985	2
4986	2
4987	0
4988	2
4989	1
4990	1
4991	2
4992	2
4993	1
4994	1
4995	2
4996	2
4997	2
4998	1
4999	2
5000	2
5001	1
5002	1
5003	2
5004	2
5005	1
5006	1
5007	2
5008	2
5009	1
5010	2
5011	1
5012	2
5013	1
5014	1
5015	1
5016	1
5017	2
5018	2
5019	2
5020	2
5021	1
5022	2
5023	2
5024	2
5025	1
5026	1
5027	0
5028	1
5029	1
5030	1
5031	2
5032	1
5033	1
5034	1
5035	1
5036	2
5037	1
5038	2
5039	1
5040	1
5041	2
5042	2
5043	1
5044	2
5045	2
5046	1
5047	0
5048	0
5049	1
5050	1
5051	1
5052	1
5053	1
5054	1
5055	1
5056	0
5057	0
5058	0
5059	1
5060	0
5061	0
5062	0
5063	1
5064	0
5065	0
5066	0
5067	0
5068	1
5069	2
5070	0
5071	0
5072	0
5073	1
5074	1
5075	1
5076	0
5077	0
5078	1
5079	1
5080	0
5081	1
5082	0
5083	1
5084	1
5085	1
5086	2
5087	0
5088	0
5089	0
5090	1
5091	0
5092	1
5093	0
5094	0
5095	0
5096	0
5097	1
5098	0
5099	0
5100	0
5101	0
5102	1
5103	0
5104	1
5105	0
5106	0
5107	0
5108	1
5109	0
5110	0
5111	1
5112	1
5113	0
5114	0
5115	0
5116	0
5117	1
5118	1
5119	1
5120	0
5121	0
5122	0
5123	0
5124	1
5125	0
5126	1
5127	1
5128	1
5129	0
5130	1
5131	0
5132	1
5133	1
5134	0
5135	1
5136	0
5137	0
5138	1
5139	1
5140	1
5141	0
5142	0
5143	1
5144	1
5145	0
5146	1
5147	1
5148	1
5149	1
5150	0
5151	1
5152	0
5153	0
5154	1
5155	1
5156	1
5157	0
5158	1
5159	0
5160	1
5161	0
5162	0
5163	1
5164	1
5165	0
5166	1
5167	1
5168	0
5169	1
5170	1
5171	0
5172	0
5173	0
5174	1
5175	0
5176	1
5177	1
5178	0
5179	1
5180	1
5181	0
5182	1
5183	1
5184	1
5185	0
5186	1
5187	0
5188	1
5189	1
5190	0
5191	0
5192	1
5193	1
5194	1
5195	1
5196	1
5197	1
5198	0
5199	1
5200	1
5201	1
5202	1
5203	0
5204	1
5205	0
5206	1
5207	0
5208	0
5209	0
5210	0
5211	1
5212	0
5213	1
5214	0
5215	1
5216	1
5217	1
5218	1
5219	0
5220	0
5221	0
5222	0
5223	0
5224	1
5225	0
5226	1
5227	1
5228	0
5229	1
5230	1
5231	0
5232	1
5233	1
5234	0
5235	0
5236	0
5237	0
5238	0
5239	0
5240	1
5241	0
5242	0
5243	1
5244	1
5245	1
5246	0
5247	0
5248	1
5249	1
5250	1
5251	1
5252	1
5253	1
5254	1
5255	1
5256	1
5257	1
5258	1
5259	1
5260	1
5261	1
5262	1
5263	1
5264	1
5265	0
5266	1
5267	1
5268	1
5269	1
5270	1
5271	1
5272	1
5273	1
5274	1
5275	1
5276	1
5277	1
5278	1
5279	1
5280	1
5281	1
5282	1
5283	1
5284	1
5285	1
5286	1
5287	0
5288	1
5289	1
5290	1
5291	1
5292	1
5293	0
5294	0
5295	1
5296	0
5297	0
5298	0
5299	1
5300	2
5301	1
5302	1
5303	1
5304	1
5305	0
5306	0
5307	0
5308	0
5309	1
5310	0
5311	2
5312	1
5313	2
5314	0
5315	1
5316	1
5317	1
5318	1
5319	1
5320	0
5321	0
5322	1
5323	0
5324	1
5325	0
5326	1
5327	1
5328	1
5329	1
5330	0
5331	1
5332	0
5333	1
5334	0
5335	1
5336	0
5337	1
5338	0
5339	1
5340	0
5341	2
5342	1
5343	1
5344	0
5345	1
5346	1
5347	0
5348	0
5349	1
5350	1
5351	1
5352	0
5353	0
5354	1
5355	1
5356	0
5357	1
5358	1
5359	1
5360	0
5361	1
5362	0
5363	0
5364	0
5365	0
5366	1
5367	1
5368	1
5369	1
5370	1
5371	1
5372	2
5373	0
5374	0
5375	0
5376	1
5377	1
5378	1
5379	1
5380	1
5381	1
5382	1
5383	0
5384	2
5385	1
5386	1
5387	2
5388	0
5389	1
5390	1
5391	1
5392	0
5393	0
5394	0
5395	0
5396	1
5397	1
5398	1
5399	0
5400	1
5401	1
5402	1
5403	1
5404	1
5405	0
5406	0
5407	1
5408	2
5409	1
5410	0
5411	2
5412	0
5413	1
5414	0
5415	1
5416	0
5417	0
5418	0
5419	0
5420	0
5421	0
5422	0
5423	1
5424	0
5425	0
5426	0
5427	0
5428	0
5429	0
5430	1
5431	1
5432	0
5433	1
5434	0
5435	0
5436	1
5437	0
5438	0
5439	1
5440	1
5441	1
5442	0
5443	0
5444	0
5445	0
5446	0
5447	1
5448	0
5449	0
5450	0
5451	0
5452	1
5453	0
5454	0
5455	1
5456	0
5457	0
5458	1
5459	0
5460	1
5461	1
5462	0
5463	0
5464	0
5465	1
5466	0
5467	1
5468	1
5469	1
5470	1
5471	1
5472	1
5473	1
5474	1
5475	1
5476	1
5477	1
5478	1
5479	1
5480	1
5481	1
5482	0
5483	0
5484	0
5485	0
5486	0
5487	0
5488	0
5489	0
5490	0
5491	0
5492	0
5493	0
5494	0
5495	0
5496	0
5497	0
5498	0
5499	0
5500	0
5501	0
5502	0
5503	0
5504	0
5505	0
5506	0
5507	0
5508	0
5509	0
5510	1
5511	1
5512	1
5513	2
5514	1
5515	1
5516	1
5517	0
5518	1
5519	1
5520	1
5521	1
5522	0
5523	0
5524	0
5525	0
5526	0
5527	0
5528	0
5529	0
5530	1
5531	1
5532	1
5533	1
5534	0
5535	1
5536	1
5537	1
5538	1
5539	0
5540	0
5541	1
5542	1
5543	1
5544	0
5545	2
5546	1
5547	1
5548	1
5549	1
5550	1
5551	2
5552	0
5553	1
5554	1
5555	1
5556	0
5557	1
5558	1
5559	0
5560	1
5561	1
5562	1
5563	1
5564	1
5565	0
5566	0
5567	0
5568	0
5569	0
5570	0
5571	0
5572	0
5573	0
5574	0
5575	0
5576	0
5577	0
5578	0
5579	0
5580	0
5581	0
5582	0
5583	0
5584	1
5585	0
5586	0
5587	0
5588	0
5589	0
5590	0
5591	0
5592	0
5593	0
5594	1
5595	0
5596	0
5597	0
5598	0
5599	1
5600	0
5601	1
5602	0
5603	0
5604	0
5605	0
5606	0
5607	0
5608	1
5609	0
5610	0
5611	0
5612	0
5613	1
5614	0
5615	0
5616	0
5617	0
5618	0
5619	0
5620	0
5621	0
5622	0
5623	0
5624	0
5625	0
5626	0
5627	0
5628	0
5629	1
5630	0
5631	0
5632	1
5633	0
5634	2
5635	1
5636	0
5637	0
5638	0
5639	0
5640	1
5641	0
5642	1
5643	1
5644	0
5645	0
5646	0
5647	0
5648	0
5649	0
5650	0
5651	0
5652	0
5653	0
5654	0
5655	0
5656	0
5657	0
5658	1
5659	0
5660	0
5661	0
5662	1
5663	0
5664	0
5665	0
5666	0
5667	0
5668	0
5669	0
5670	1
5671	0
5672	0
5673	1
5674	1
5675	1
5676	2
5677	1
5678	1
5679	1
5680	0
5681	0
5682	0
5683	0
5684	0
5685	0
5686	0
5687	0
5688	1
5689	0
5690	0
5691	0
5692	0
5693	1
5694	0
5695	0
5696	0
5697	0
5698	0
5699	0
5700	0
5701	0
5702	0
5703	0
5704	0
5705	0
5706	0
5707	0
5708	0
5709	0
5710	0
5711	0
5712	0
5713	0
5714	0
5715	1
5716	1
5717	1
5718	2
5719	1
5720	1
5721	1
5722	1
5723	1
5724	1
5725	1
5726	2
5727	1
5728	0
5729	0
5730	0
5731	1
5732	1
5733	1
5734	1
5735	1
5736	1
5737	1
5738	1
5739	0
5740	1
5741	1
5742	1
5743	1
5744	1
5745	1
5746	0
5747	1
5748	1
5749	0
5750	0
5751	1
5752	2
5753	1
5754	1
5755	1
5756	1
5757	1
5758	1
5759	1
5760	1
5761	1
5762	1
5763	1
5764	0
5765	1
5766	1
5767	1
5768	1
5769	1
5770	1
5771	1
5772	1
5773	0
5774	1
5775	1
5776	0
5777	2
5778	1
5779	1
5780	0
5781	0
5782	1
5783	1
5784	1
5785	0
5786	1
5787	3
5788	2
5789	1
5790	0
5791	0
5792	0
5793	0
5794	0
5795	0
5796	0
5797	0
5798	0
5799	1
5800	1
5801	1
5802	1
5803	2
5804	0
5805	0
5806	0
5807	1
5808	0
5809	1
5810	0
5811	1
5812	1
5813	0
5814	2
5815	1
5816	1
5817	1
5818	2
5819	2
5820	2
5821	1
5822	2
5823	2
5824	0
5825	1
5826	2
5827	1
5828	1
5829	1
5830	2
5831	0
5832	0
5833	1
5834	0
5835	1
5836	1
5837	0
5838	2
5839	1
5840	1
5841	1
5842	1
5843	1
5844	0
5845	1
5846	1
5847	1
5848	2
5849	1
5850	1
5851	1
5852	1
5853	1
5854	0
5855	0
5856	0
5857	0
5858	1
5859	1
5860	1
5861	1
5862	0
5863	1
5864	1
5865	0
5866	1
5867	0
5868	1
5869	1
5870	1
5871	1
5872	1
5873	1
5874	1
5875	0
5876	1
5877	0
5878	0
5879	1
5880	1
5881	0
5882	0
5883	0
5884	0
5885	0
5886	0
5887	0
5888	1
5889	1
5890	0
5891	1
5892	0
5893	1
5894	1
5895	1
5896	0
5897	1
5898	1
5899	1
5900	1
5901	0
5902	0
5903	0
5904	0
5905	0
5906	1
5907	0
5908	0
5909	1
5910	1
5911	0
5912	0
5913	1
5914	1
5915	1
5916	0
5917	0
5918	1
5919	1
5920	1
5921	1
5922	1
5923	1
5924	1
5925	1
5926	1
5927	1
5928	1
5929	0
5930	1
5931	1
5932	1
5933	1
5934	1
5935	0
5936	1
5937	1
5938	0
5939	0
5940	0
5941	0
5942	1
5943	1
5944	1
5945	0
5946	1
5947	0
5948	0
5949	0
5950	0
5951	0
5952	1
5953	1
5954	1
5955	0
5956	1
5957	0
5958	1
5959	1
5960	0
5961	0
5962	1
5963	0
5964	1
5965	1
5966	0
5967	1
5968	1
5969	1
5970	1
5971	1
5972	1
5973	1
5974	1
5975	0
5976	1
5977	0
5978	0
5979	0
5980	0
5981	0
5982	0
5983	0
5984	0
5985	0
5986	0
5987	0
5988	0
5989	0
5990	0
5991	0
5992	0
5993	0
5994	0
5995	0
5996	0
5997	0
5998	0
5999	0
6000	0
6001	0
6002	0
6003	0
6004	0
6005	0
6006	0
6007	0
6008	0
6009	1
6010	0
6011	0
6012	0
6013	0
6014	0
6015	0
6016	0
6017	0
6018	1
6019	0
6020	0
6021	0
6022	0
6023	0
6024	0
6025	0
6026	0
6027	1
6028	0
6029	1
6030	1
6031	0
6032	1
6033	1
6034	1
6035	1
6036	1
6037	1
6038	1
6039	0
6040	0
6041	0
6042	0
6043	0
6044	0
6045	0
6046	0
6047	0
6048	0
6049	0
6050	0
6051	0
6052	0
6053	0
6054	0
6055	0
6056	0
6057	0
6058	0
6059	0
6060	0
6061	0
6062	0
6063	0
6064	0
6065	0
6066	0
6067	0
6068	0
6069	0
6070	0
6071	0
6072	0
6073	0
6074	0
6075	0
6076	0
6077	0
6078	0
6079	0
6080	0
6081	1
6082	1
6083	0
6084	1
6085	0
6086	0
6087	1
6088	1
6089	0
6090	0
6091	1
6092	0
6093	0
6094	0
6095	0
6096	1
6097	0
6098	0
6099	0
6100	1
6101	0
6102	0
6103	0
6104	0
6105	0
6106	0
6107	0
6108	0
6109	0
6110	0
6111	0
6112	0
6113	0
6114	0
6115	0
6116	0
6117	1
6118	0
6119	0
6120	0
6121	0
6122	0
6123	0
6124	0
6125	0
6126	0
6127	0
6128	0
6129	0
6130	0
6131	0
6132	0
6133	0
6134	0
6135	0
6136	0
6137	0
6138	0
6139	0
6140	0
6141	0
6142	0
6143	0
6144	0
6145	0
6146	0
6147	0
6148	0
6149	0
6150	0
6151	0
6152	0
6153	1
6154	0
6155	0
6156	0
6157	0
6158	0
6159	0
6160	0
6161	0
6162	0
6163	0
6164	0
6165	0
6166	0
6167	0
6168	0
6169	0
6170	0
6171	0
6172	0
6173	0
6174	0
6175	0
6176	0
6177	0
6178	0
6179	0
6180	0
6181	0
6182	0
6183	0
6184	0
6185	0
6186	0
6187	0
6188	0
6189	0
6190	0
6191	0
6192	0
6193	0
6194	0
6195	0
6196	0
6197	0
6198	0
6199	0
6200	0
6201	0
6202	0
6203	0
6204	0
6205	0
6206	0
6207	0
6208	0
6209	0
6210	0
6211	2
6212	1
6213	1
6214	0
6215	0
6216	1
6217	0
6218	0
6219	1
6220	1
6221	1
6222	1
6223	0
6224	2
6225	1
6226	0
6227	0
6228	1
6229	1
6230	1
6231	1
6232	1
6233	1
6234	1
6235	2
6236	1
6237	0
6238	1
6239	1
6240	1
6241	1
6242	1
6243	0
6244	1
6245	1
6246	1
6247	0
6248	0
6249	1
6250	0
6251	1
6252	0
6253	2
6254	1
6255	1
6256	0
6257	0
6258	0
6259	1
6260	0
6261	1
6262	1
6263	1
6264	0
6265	0
6266	0
6267	1
6268	1
6269	0
6270	1
6271	1
6272	0
6273	0
6274	0
6275	0
6276	2
6277	0
6278	0
6279	1
6280	1
6281	1
6282	0
6283	1
6284	1
6285	0
6286	0
6287	0
6288	1
6289	0
6290	2
6291	1
6292	0
6293	0
6294	1
6295	2
6296	0
6297	0
6298	0
6299	1
6300	1
6301	0
6302	1
6303	2
6304	1
6305	1
6306	0
6307	1
6308	1
6309	0
6310	1
6311	0
6312	0
6313	0
6314	0
6315	1
6316	1
6317	0
6318	1
6319	1
6320	1
6321	0
6322	1
6323	0
6324	1
6325	1
6326	1
6327	1
6328	1
6329	2
6330	1
6331	1
6332	1
6333	1
6334	0
6335	2
6336	0
6337	0
6338	0
6339	0
6340	0
6341	0
6342	0
6343	1
6344	0
6345	2
6346	1
6347	1
6348	1
6349	0
6350	1
6351	1
6352	0
6353	1
6354	1
6355	1
6356	1
6357	0
6358	1
6359	1
6360	1
6361	0
6362	1
6363	0
6364	1
6365	1
6366	1
6367	0
6368	0
6369	1
6370	1
6371	1
6372	1
6373	1
6374	1
6375	0
6376	1
6377	0
6378	0
6379	1
6380	0
6381	1
6382	1
6383	1
6384	1
6385	0
6386	0
6387	1
6388	0
6389	0
6390	0
6391	0
6392	0
6393	0
6394	0
6395	0
6396	0
6397	0
6398	0
6399	0
6400	0
6401	0
6402	1
6403	0
6404	0
6405	0
6406	0
6407	0
6408	0
6409	0
6410	0
6411	0
6412	0
6413	0
6414	0
6415	0
6416	0
6417	0
6418	0
6419	0
6420	0
6421	0
6422	0
6423	0
6424	0
6425	0
6426	1
6427	1
6428	0
6429	1
6430	0
6431	1
6432	1
6433	1
6434	0
6435	1
6436	0
6437	1
6438	0
6439	0
6440	0
6441	1
6442	1
6443	1
6444	1
6445	1
6446	0
6447	0
6448	1
6449	0
6450	1
6451	1
6452	1
6453	0
6454	0
6455	0
6456	0
6457	0
6458	0
6459	0
6460	0
6461	0
6462	0
6463	0
6464	0
6465	0
6466	0
6467	1
6468	0
6469	0
6470	0
6471	0
6472	0
6473	0
6474	0
6475	0
6476	0
6477	0
6478	0
6479	0
6480	0
6481	0
6482	0
6483	0
6484	0
6485	0
6486	0
6487	0
6488	0
6489	0
6490	0
6491	0
6492	0
6493	0
6494	0
6495	0
6496	0
6497	0
6498	1
6499	0
6500	0
6501	0
6502	0
6503	0
6504	0
6505	0
6506	0
6507	0
6508	0
6509	0
6510	0
6511	0
6512	0
6513	0
6514	0
6515	0
6516	0
6517	0
6518	0
6519	1
6520	0
6521	0
6522	0
6523	0
6524	0
6525	0
6526	0
6527	0
6528	0
6529	0
6530	0
6531	0
6532	0
6533	0
6534	0
6535	1
6536	0
6537	0
6538	0
6539	1
6540	0
6541	0
6542	0
6543	1
6544	0
6545	1
6546	1
6547	0
6548	0
6549	1
6550	0
6551	1
6552	0
6553	1
6554	0
6555	1
6556	1
6557	0
6558	1
6559	1
6560	0
6561	0
6562	1
6563	1
6564	1
6565	1
6566	0
6567	0
6568	0
6569	0
6570	1
6571	1
6572	0
6573	0
6574	0
6575	1
6576	1
6577	1
6578	1
6579	0
6580	1
6581	1
6582	1
6583	0
6584	1
6585	1
6586	1
6587	0
6588	1
6589	1
6590	1
6591	1
6592	0
6593	1
6594	0
6595	1
6596	0
6597	0
6598	1
6599	2
6600	1
6601	2
6602	0
6603	1
6604	1
6605	1
6606	1
6607	1
6608	1
6609	1
6610	1
6611	1
6612	0
6613	0
6614	1
6615	1
6616	0
6617	1
6618	0
6619	1
6620	1
6621	0
6622	1
6623	1
6624	0
6625	1
6626	0
6627	1
6628	0
6629	1
6630	1
6631	1
6632	1
6633	0
6634	0
6635	0
6636	1
6637	0
6638	1
6639	1
6640	0
6641	1
6642	0
6643	1
6644	0
6645	1
6646	1
6647	0
6648	0
6649	1
6650	1
6651	1
6652	0
6653	0
6654	1
6655	1
6656	0
6657	1
6658	0
6659	0
6660	1
6661	1
6662	0
6663	1
6664	1
6665	1
6666	1
6667	0
6668	2
6669	1
6670	1
6671	2
6672	0
6673	1
6674	0
6675	1
6676	1
6677	1
6678	1
6679	2
6680	1
6681	1
6682	1
6683	0
6684	0
6685	1
6686	1
6687	1
6688	0
6689	1
6690	1
6691	0
6692	0
6693	1
6694	0
6695	1
6696	1
6697	0
6698	0
6699	1
6700	1
6701	1
6702	1
6703	1
6704	1
6705	1
6706	1
6707	0
6708	1
6709	2
6710	1
6711	1
6712	1
6713	0
6714	0
6715	1
6716	0
6717	1
6718	1
6719	0
6720	0
6721	1
6722	0
6723	0
6724	1
6725	1
6726	1
6727	1
6728	1
6729	1
6730	0
6731	0
6732	0
6733	0
6734	1
6735	0
6736	0
6737	0
6738	0
6739	0
6740	0
6741	0
6742	1
6743	0
6744	0
6745	0
6746	1
6747	1
6748	0
6749	1
6750	0
6751	1
6752	1
6753	1
6754	1
6755	0
6756	0
6757	0
6758	0
6759	0
6760	1
6761	0
6762	0
6763	1
6764	1
6765	0
6766	1
6767	0
6768	1
6769	1
6770	1
6771	1
6772	1
6773	1
6774	1
6775	0
6776	0
6777	0
6778	1
6779	1
6780	1
6781	1
6782	0
6783	0
6784	1
6785	1
6786	1
6787	0
6788	0
6789	0
6790	1
6791	1
6792	0
6793	1
6794	1
6795	1
6796	0
6797	0
6798	1
6799	1
6800	1
6801	1
6802	1
6803	1
6804	1
6805	1
6806	1
6807	0
6808	1
6809	1
6810	1
6811	1
6812	1
6813	1
6814	1
6815	1
6816	2
6817	0
6818	1
6819	0
6820	0
6821	1
6822	0
6823	1
6824	1
6825	1
6826	1
6827	1
6828	1
6829	1
6830	1
6831	1
6832	1
6833	1
6834	1
6835	1
6836	1
6837	1
6838	0
6839	1
6840	1
6841	1
6842	1
6843	1
6844	1
6845	1
6846	1
6847	1
6848	1
6849	1
6850	1
6851	1
6852	1
6853	1
6854	1
6855	1
6856	1
6857	1
6858	0
6859	0
6860	1
6861	1
6862	1
6863	1
6864	1
6865	1
6866	1
6867	1
6868	1
6869	0
6870	0
6871	1
6872	0
6873	0
6874	0
6875	0
6876	0
6877	0
6878	0
6879	0
6880	0
6881	0
6882	1
6883	1
6884	1
6885	0
6886	1
6887	0
6888	0
6889	0
6890	0
6891	0
6892	0
6893	0
6894	0
6895	0
6896	0
6897	0
6898	0
6899	0
6900	0
6901	0
6902	0
6903	0
6904	0
6905	0
6906	0
6907	0
6908	0
6909	1
6910	1
6911	1
6912	1
6913	0
6914	1
6915	1
6916	1
6917	1
6918	1
6919	1
6920	1
6921	1
6922	1
6923	1
6924	1
6925	1
6926	1
6927	1
6928	0
6929	0
6930	0
6931	0
6932	0
6933	0
6934	0
6935	0
6936	0
6937	0
6938	0
6939	0
6940	1
6941	1
6942	0
6943	0
6944	1
6945	0
6946	0
6947	0
6948	0
6949	0
6950	1
6951	0
6952	0
6953	0
6954	1
6955	1
6956	1
6957	1
6958	0
6959	0
6960	1
6961	0
6962	0
6963	0
6964	0
6965	1
6966	0
6967	1
6968	0
6969	0
6970	1
6971	1
6972	1
6973	1
6974	0
6975	0
6976	0
6977	0
6978	0
6979	0
6980	0
6981	1
6982	1
6983	0
6984	1
6985	1
6986	1
6987	1
6988	1
6989	1
6990	1
6991	1
6992	1
6993	2
6994	0
6995	0
6996	1
6997	0
6998	1
6999	1
7000	1
7001	0
7002	1
7003	0
7004	0
7005	0
7006	1
7007	2
7008	0
7009	1
7010	1
7011	3
7012	2
7013	2
7014	2
7015	2
7016	1
7017	2
7018	0
7019	2
7020	1
7021	1
7022	2
7023	1
7024	1
7025	1
7026	0
7027	0
7028	2
7029	1
7030	3
7031	1
7032	1
7033	0
7034	1
7035	1
7036	1
7037	1
7038	0
7039	2
7040	1
7041	0
7042	0
7043	3
7044	1
7045	2
7046	1
7047	1
7048	0
7049	0
7050	1
7051	2
7052	2
7053	2
7054	1
7055	1
7056	2
7057	2
7058	0
7059	2
7060	0
7061	0
7062	1
7063	1
7064	1
7065	2
7066	1
7067	1
7068	1
7069	0
7070	1
7071	1
7072	0
7073	0
7074	1
7075	0
7076	0
7077	0
7078	0
7079	0
7080	0
7081	0
7082	0
7083	0
7084	0
7085	0
7086	0
7087	1
7088	0
7089	0
7090	0
7091	0
7092	0
7093	2
7094	0
7095	2
7096	1
7097	1
7098	0
7099	1
7100	1
7101	1
7102	1
7103	2
7104	1
7105	1
7106	1
7107	1
7108	0
7109	0
7110	0
7111	1
7112	0
7113	0
7114	0
7115	0
7116	0
7117	2
7118	0
7119	0
7120	0
7121	1
7122	1
7123	0
7124	0
7125	1
7126	0
7127	1
7128	0
7129	0
7130	2
7131	2
7132	1
7133	1
7134	2
7135	2
7136	2
7137	3
7138	1
7139	0
7140	1
7141	1
7142	0
7143	1
7144	0
7145	0
7146	1
7147	0
7148	1
7149	1
7150	1
7151	0
7152	1
7153	1
7154	1
7155	1
7156	0
7157	0
7158	0
7159	0
7160	1
7161	1
7162	1
7163	0
7164	0
7165	0
7166	0
7167	0
7168	0
7169	0
7170	0
7171	0
7172	0
7173	0
7174	0
7175	0
7176	0
7177	0
7178	0
7179	0
7180	0
7181	0
7182	0
7183	0
7184	0
7185	0
7186	0
7187	0
7188	0
7189	0
7190	0
7191	0
7192	1
7193	1
7194	0
7195	1
7196	1
7197	0
7198	1
7199	1
7200	1
7201	1
7202	1
7203	1
7204	1
7205	1
7206	1
7207	1
7208	1
7209	2
7210	0
7211	1
7212	0
7213	1
7214	1
7215	1
7216	1
7217	0
7218	1
7219	1
7220	2
7221	2
7222	1
7223	1
7224	0
7225	1
7226	1
7227	1
7228	0
7229	1
7230	1
7231	0
7232	1
7233	0
7234	0
7235	1
7236	0
7237	2
7238	0
7239	1
7240	1
7241	1
7242	2
7243	1
7244	1
7245	1
7246	1
7247	0
7248	0
7249	0
7250	1
7251	1
7252	1
7253	1
7254	1
7255	1
7256	1
7257	1
7258	1
7259	1
7260	2
7261	0
7262	1
7263	1
7264	0
7265	0
7266	1
7267	0
7268	1
7269	1
7270	1
7271	1
7272	0
7273	1
7274	2
7275	1
7276	1
7277	1
7278	0
7279	1
7280	1
7281	1
7282	1
7283	0
7284	1
7285	1
7286	1
7287	1
7288	0
7289	1
7290	0
7291	0
7292	1
7293	0
7294	0
7295	0
7296	0
7297	0
7298	1
7299	1
7300	1
7301	1
7302	1
7303	1
7304	0
7305	1
7306	0
7307	0
7308	0
7309	0
7310	1
7311	1
7312	0
7313	0
7314	0
7315	0
7316	0
7317	0
7318	0
7319	1
7320	0
7321	0
7322	0
7323	0
7324	0
7325	0
7326	0
7327	1
7328	0
7329	0
7330	0
7331	0
7332	0
7333	0
7334	0
7335	0
7336	0
7337	0
7338	0
7339	0
7340	0
7341	0
7342	0
7343	0
7344	0
7345	0
7346	0
7347	0
7348	0
7349	0
7350	0
7351	0
7352	0
7353	1
7354	1
7355	0
7356	1
7357	0
7358	0
7359	0
7360	0
7361	0
7362	0
7363	0
7364	0
7365	0
7366	0
7367	0
7368	0
7369	1
7370	0
7371	0
7372	0
7373	2
7374	0
7375	0
7376	0
7377	0
7378	0
7379	0
7380	0
7381	1
7382	0
7383	1
7384	0
7385	0
7386	0
7387	0
7388	0
7389	0
7390	0
7391	0
7392	1
7393	0
7394	0
7395	0
7396	0
7397	0
7398	0
7399	0
7400	0
7401	0
7402	0
7403	0
7404	0
7405	1
7406	1
7407	0
7408	0
7409	0
7410	0
7411	0
7412	0
7413	0
7414	0
7415	0
7416	0
7417	0
7418	0
7419	0
7420	0
7421	0
7422	0
7423	0
7424	0
7425	0
7426	0
7427	0
7428	0
7429	0
7430	0
7431	0
7432	0
7433	0
7434	0
7435	1
7436	0
7437	0
7438	0
7439	0
7440	1
7441	1
7442	0
7443	0
7444	0
7445	0
7446	0
7447	0
7448	0
7449	1
7450	0
7451	0
7452	0
7453	0
7454	0
7455	0
7456	0
7457	0
7458	0
7459	0
7460	0
7461	0
7462	1
7463	0
7464	0
7465	0
7466	0
7467	1
7468	0
7469	0
7470	1
7471	0
7472	0
7473	0
7474	0
7475	0
7476	1
7477	0
7478	1
7479	0
7480	0
7481	0
7482	0
7483	0
7484	0
7485	0
7486	0
7487	0
7488	1
7489	0
7490	1
7491	0
7492	0
7493	0
7494	0
7495	0
7496	0
7497	0
7498	0
7499	0
7500	0
7501	0
7502	0
7503	0
7504	0
7505	0
7506	0
7507	0
7508	0
7509	0
7510	0
7511	0
7512	0
7513	2
7514	1
7515	0
7516	0
7517	0
7518	0
7519	0
7520	0
7521	1
7522	0
7523	0
7524	0
7525	0
7526	0
7527	0
7528	0
7529	0
7530	0
7531	0
7532	0
7533	0
7534	0
7535	0
7536	0
7537	0
7538	0
7539	0
7540	0
7541	0
7542	1
7543	0
7544	0
7545	0
7546	0
7547	0
7548	0
7549	0
7550	0
7551	0
7552	0
7553	1
7554	0
7555	0
7556	0
7557	0
7558	0
7559	0
7560	0
7561	0
7562	0
7563	0
7564	0
7565	0
7566	0
7567	0
7568	0
7569	0
7570	0
7571	2
7572	0
7573	0
7574	0
7575	0
7576	0
7577	1
7578	1
7579	0
7580	1
7581	1
7582	0
7583	1
7584	1
7585	1
7586	1
7587	0
7588	0
7589	0
7590	0
7591	0
7592	0
7593	0
7594	0
7595	0
7596	0
7597	1
7598	0
7599	0
7600	0
7601	0
7602	0
7603	0
7604	0
7605	0
7606	0
7607	0
7608	0
7609	0
7610	0
7611	0
7612	0
7613	0
7614	0
7615	0
7616	0
7617	0
7618	0
7619	0
7620	0
7621	1
7622	0
7623	1
7624	1
7625	1
7626	1
7627	1
7628	0
7629	0
7630	0
7631	1
7632	1
7633	1
7634	1
7635	0
7636	1
7637	0
7638	0
7639	0
7640	1
7641	1
7642	1
7643	1
7644	1
7645	0
7646	0
7647	1
7648	1
7649	1
7650	1
7651	1
7652	0
7653	0
7654	1
7655	0
7656	0
7657	0
7658	0
7659	0
7660	1
7661	1
7662	1
7663	1
7664	0
7665	1
7666	0
7667	1
7668	0
7669	0
7670	1
7671	0
7672	1
7673	0
7674	1
7675	0
7676	0
7677	0
7678	1
7679	0
7680	1
7681	0
7682	0
7683	1
7684	0
7685	0
7686	0
7687	0
7688	0
7689	0
7690	0
7691	0
7692	0
7693	0
7694	0
7695	0
7696	0
7697	0
7698	0
7699	0
7700	0
7701	0
7702	0
7703	0
7704	0
7705	0
7706	0
7707	0
7708	0
7709	0
7710	0
7711	0
7712	0
7713	0
7714	0
7715	0
7716	1
7717	0
7718	0
7719	0
7720	0
7721	1
7722	0
7723	0
7724	0
7725	0
7726	0
7727	0
7728	0
7729	0
7730	0
7731	0
7732	0
7733	0
7734	1
7735	0
7736	0
7737	0
7738	0
7739	0
7740	0
7741	0
7742	0
7743	0
7744	0
7745	0
7746	0
7747	0
7748	0
7749	0
7750	0
7751	0
7752	1
7753	1
7754	1
7755	0
7756	1
7757	0
7758	0
7759	0
7760	1
7761	0
7762	1
7763	1
7764	0
7765	0
7766	0
7767	0
7768	0
7769	0
7770	0
7771	0
7772	1
7773	1
7774	2
7775	1
7776	1
7777	1
7778	1
7779	0
7780	1
7781	1
7782	1
7783	2
7784	1
7785	2
7786	1
7787	1
7788	1
7789	1
7790	1
7791	1
7792	2
7793	1
7794	2
7795	1
7796	1
7797	1
7798	1
7799	1
7800	2
7801	1
7802	1
7803	1
7804	1
7805	2
7806	2
7807	1
7808	2
7809	1
7810	1
7811	1
7812	1
7813	2
7814	1
7815	1
7816	1
7817	1
7818	1
7819	1
7820	1
7821	1
7822	1
7823	2
7824	2
7825	1
7826	1
7827	1
7828	2
7829	1
7830	1
7831	1
7832	1
7833	1
7834	1
7835	1
7836	1
7837	1
7838	1
7839	2
7840	2
7841	2
7842	1
7843	2
7844	1
7845	1
7846	1
7847	2
7848	2
7849	1
7850	1
7851	2
7852	1
7853	1
7854	1
7855	1
7856	1
7857	1
7858	1
7859	2
7860	1
7861	1
7862	2
7863	1
7864	1
7865	1
7866	2
7867	1
7868	1
7869	1
7870	1
7871	2
7872	1
7873	2
7874	1
7875	1
7876	1
7877	1
7878	1
7879	1
7880	1
7881	1
7882	1
7883	1
7884	2
7885	1
7886	1
7887	1
7888	1
7889	1
7890	2
7891	1
7892	1
7893	1
7894	1
7895	0
7896	0
7897	0
7898	0
7899	0
7900	0
7901	0
7902	0
7903	0
7904	0
7905	0
7906	0
7907	0
7908	0
7909	0
7910	0
7911	0
7912	1
7913	0
7914	1
7915	0
7916	0
7917	1
7918	0
7919	0
7920	0
7921	0
7922	0
7923	1
7924	1
7925	1
7926	1
7927	1
7928	2
7929	1
7930	0
7931	1
7932	1
7933	1
7934	1
7935	1
7936	1
7937	1
7938	2
7939	2
7940	1
7941	1
7942	2
7943	2
7944	1
7945	1
7946	1
7947	1
7948	2
7949	1
7950	1
7951	1
7952	1
7953	1
7954	2
7955	1
7956	1
7957	1
7958	1
7959	1
7960	1
7961	1
7962	0
7963	1
7964	1
7965	2
7966	2
7967	2
7968	1
7969	1
7970	1
7971	2
7972	1
7973	2
7974	2
7975	2
7976	2
7977	3
7978	3
7979	2
7980	2
7981	3
7982	3
7983	1
7984	2
7985	2
7986	2
7987	2
7988	2
7989	3
7990	2
7991	2
7992	2
7993	3
7994	2
7995	2
7996	2
7997	2
7998	2
7999	2
8000	2
8001	2
8002	1
8003	1
8004	1
8005	2
8006	2
8007	2
8008	1
8009	2
8010	2
8011	2
8012	1
8013	1
8014	2
8015	2
8016	2
8017	1
8018	1
8019	2
8020	3
8021	2
8022	2
8023	2
8024	2
8025	1
8026	2
8027	2
8028	2
8029	2
8030	2
8031	2
8032	1
8033	3
8034	2
8035	2
8036	2
8037	1
8038	3
8039	3
8040	1
8041	1
8042	0
8043	1
8044	1
8045	1
8046	1
8047	1
8048	1
8049	1
8050	1
8051	1
8052	1
8053	1
8054	1
8055	1
8056	1
8057	1
8058	1
8059	1
8060	1
8061	1
8062	1
8063	1
8064	1
8065	1
8066	1
8067	1
8068	1
8069	1
8070	1
8071	1
8072	1
8073	1
8074	1
8075	1
8076	1
8077	1
8078	1
8079	1
8080	1
8081	1
8082	1
8083	1
8084	1
8085	1
8086	1
8087	1
8088	2
8089	1
8090	1
8091	2
8092	1
8093	1
8094	1
8095	1
8096	1
8097	1
8098	1
8099	1
8100	1
8101	1
8102	1
8103	2
8104	2
8105	1
8106	1
8107	1
8108	1
8109	1
8110	1
8111	1
8112	1
8113	1
8114	1
8115	2
8116	1
8117	1
8118	1
8119	1
8120	1
8121	1
8122	1
8123	1
8124	1
8125	3
8126	2
8127	1
8128	2
8129	2
8130	2
8131	1
8132	3
8133	2
8134	1
8135	3
8136	2
8137	3
8138	2
8139	2
8140	2
8141	1
8142	2
8143	2
8144	1
8145	0
8146	1
8147	2
8148	1
8149	2
8150	0
8151	1
8152	2
8153	1
8154	2
8155	1
8156	2
8157	1
8158	2
8159	2
8160	1
8161	1
8162	1
8163	3
8164	1
8165	1
8166	1
8167	1
8168	2
8169	2
8170	2
8171	2
8172	1
8173	2
8174	2
8175	2
8176	1
8177	2
8178	2
8179	2
8180	2
8181	2
8182	2
8183	2
8184	3
8185	1
8186	2
8187	2
8188	2
8189	2
8190	2
8191	3
8192	3
8193	1
8194	1
8195	2
8196	2
8197	1
8198	1
8199	1
8200	1
8201	2
8202	2
8203	3
8204	3
8205	1
8206	2
8207	1
8208	2
8209	1
8210	1
8211	2
8212	3
8213	2
8214	1
8215	2
8216	1
8217	2
8218	1
8219	3
8220	3
8221	2
8222	3
8223	2
8224	1
8225	3
8226	2
8227	1
8228	2
8229	2
8230	2
8231	3
8232	2
8233	2
8234	1
8235	1
8236	1
8237	1
8238	1
8239	1
8240	1
8241	1
8242	1
8243	1
8244	2
8245	2
8246	2
8247	1
8248	2
8249	1
8250	2
8251	2
8252	1
8253	2
8254	2
8255	3
8256	1
8257	2
8258	3
8259	2
8260	2
8261	1
8262	2
8263	2
8264	2
8265	3
8266	2
8267	2
8268	3
8269	2
8270	1
8271	1
8272	2
8273	1
8274	1
8275	2
8276	2
8277	2
8278	1
8279	1
8280	1
8281	2
8282	1
8283	1
8284	2
8285	1
8286	2
8287	1
8288	1
8289	2
8290	1
8291	1
8292	0
8293	2
8294	1
8295	3
8296	2
8297	1
8298	2
8299	1
8300	2
8301	1
8302	1
8303	1
8304	2
8305	2
8306	1
8307	3
8308	2
8309	2
8310	2
8311	1
8312	3
8313	2
8314	3
8315	3
8316	2
8317	2
8318	2
8319	2
8320	3
8321	3
8322	2
8323	2
8324	2
8325	2
8326	2
8327	2
8328	2
8329	2
8330	2
8331	2
8332	3
8333	2
8334	2
8335	3
8336	1
8337	2
8338	1
8339	1
8340	1
8341	2
8342	2
8343	2
8344	2
8345	3
8346	3
8347	2
8348	3
8349	3
8350	2
8351	3
8352	3
8353	3
8354	3
8355	2
8356	2
8357	3
8358	3
8359	3
8360	3
8361	3
8362	3
8363	2
8364	3
8365	3
8366	3
8367	3
8368	3
8369	3
8370	3
8371	3
8372	2
8373	2
8374	3
8375	3
8376	3
8377	3
8378	2
8379	2
8380	3
8381	3
8382	3
8383	2
8384	2
8385	3
8386	3
8387	3
8388	2
8389	3
8390	3
8391	2
8392	3
8393	3
8394	3
8395	2
8396	3
8397	2
8398	3
8399	3
8400	2
8401	3
8402	3
8403	3
8404	3
8405	2
8406	2
8407	1
8408	3
8409	2
8410	2
8411	3
8412	3
8413	3
8414	2
8415	2
8416	1
8417	3
8418	3
8419	2
8420	2
8421	3
8422	3
8423	2
8424	3
8425	3
8426	3
8427	2
8428	3
8429	3
8430	3
8431	3
8432	3
8433	2
8434	3
8435	2
8436	3
8437	3
8438	4
8439	3
8440	3
8441	3
8442	3
8443	2
8444	3
8445	3
8446	3
8447	2
8448	3
8449	2
8450	3
8451	2
8452	3
8453	1
8454	2
8455	2
8456	2
8457	3
8458	3
8459	3
8460	3
8461	3
8462	1
8463	2
8464	2
8465	1
8466	2
8467	2
8468	2
8469	2
8470	2
8471	2
8472	2
8473	2
8474	2
8475	2
8476	2
8477	2
8478	1
8479	2
8480	2
8481	2
8482	1
8483	2
8484	1
8485	1
8486	3
8487	2
8488	2
8489	2
8490	1
8491	1
8492	2
8493	1
8494	2
8495	2
8496	1
8497	2
8498	2
8499	2
8500	2
8501	1
8502	1
8503	2
8504	1
8505	1
8506	2
8507	3
8508	2
8509	2
8510	3
8511	3
8512	3
8513	2
8514	1
8515	1
8516	2
8517	2
8518	2
8519	1
8520	2
8521	2
8522	2
8523	2
8524	1
8525	3
8526	2
8527	1
8528	1
8529	2
8530	2
8531	2
8532	2
8533	2
8534	2
8535	2
8536	1
8537	1
8538	1
8539	2
8540	2
8541	2
8542	2
8543	1
8544	2
8545	1
8546	3
8547	3
8548	3
8549	2
8550	2
8551	2
8552	2
8553	2
8554	3
8555	2
8556	2
8557	2
8558	2
8559	2
8560	2
8561	2
8562	2
8563	2
8564	2
8565	2
8566	2
8567	2
8568	2
8569	1
8570	2
8571	3
8572	2
8573	2
8574	2
8575	2
8576	2
8577	2
8578	3
8579	2
8580	3
8581	2
8582	1
8583	1
8584	1
8585	1
8586	1
8587	2
8588	2
8589	2
8590	2
8591	1
8592	1
8593	1
8594	1
8595	1
8596	1
8597	1
8598	1
8599	1
8600	1
8601	1
8602	1
8603	1
8604	2
8605	1
8606	2
8607	1
8608	1
8609	1
8610	1
8611	1
8612	2
8613	2
8614	3
8615	3
8616	2
8617	2
8618	2
8619	2
8620	3
8621	2
8622	1
8623	1
8624	2
8625	1
8626	1
8627	2
8628	1
8629	2
8630	2
8631	1
8632	1
8633	2
8634	2
8635	2
8636	1
8637	1
8638	2
8639	1
8640	2
8641	2
8642	2
8643	3
8644	1
8645	2
8646	2
8647	2
8648	2
8649	2
8650	1
8651	2
8652	2
8653	2
8654	2
8655	1
8656	2
8657	2
8658	2
8659	2
8660	2
8661	2
8662	2
8663	2
8664	1
8665	2
8666	2
8667	1
8668	1
8669	1
8670	1
8671	2
8672	2
8673	1
8674	2
8675	1
8676	1
8677	1
8678	1
8679	1
8680	1
8681	1
8682	1
8683	2
8684	1
8685	1
8686	1
8687	1
8688	1
8689	1
8690	2
8691	1
8692	1
8693	2
8694	1
8695	2
8696	1
8697	1
8698	1
8699	1
8700	1
8701	1
8702	1
8703	1
8704	1
8705	1
8706	1
8707	1
8708	0
8709	1
8710	1
8711	1
8712	1
8713	2
8714	2
8715	1
8716	2
8717	1
8718	2
8719	2
8720	1
8721	1
8722	1
8723	2
8724	1
8725	2
8726	2
8727	1
8728	2
8729	1
8730	2
8731	2
8732	2
8733	1
8734	2
8735	2
8736	1
8737	1
8738	2
8739	1
8740	2
8741	1
8742	2
8743	2
8744	1
8745	1
8746	2
8747	1
8748	2
8749	1
8750	1
8751	1
8752	2
8753	2
8754	2
8755	1
8756	2
8757	2
8758	1
8759	2
8760	2
8761	2
8762	1
8763	2
8764	1
8765	1
8766	2
8767	1
8768	2
8769	2
8770	2
8771	2
8772	2
8773	2
8774	1
8775	1
8776	1
8777	1
8778	2
8779	2
8780	1
8781	3
8782	2
8783	1
8784	2
8785	2
8786	2
8787	1
8788	2
8789	1
8790	2
8791	1
8792	2
8793	1
8794	1
8795	1
8796	1
8797	1
8798	1
8799	2
8800	1
8801	1
8802	2
8803	2
8804	1
8805	1
8806	1
8807	1
8808	2
8809	2
8810	1
8811	1
8812	1
8813	1
8814	2
8815	1
8816	2
8817	2
8818	1
8819	2
8820	1
8821	2
8822	1
8823	1
8824	1
8825	2
8826	2
8827	1
8828	1
8829	1
8830	2
8831	1
8832	2
8833	1
8834	2
8835	2
8836	2
8837	2
8838	2
8839	2
8840	2
8841	1
8842	2
8843	2
8844	2
8845	2
8846	2
8847	2
8848	2
8849	2
8850	2
8851	2
8852	2
8853	2
8854	2
8855	2
8856	2
8857	2
8858	2
8859	2
8860	1
8861	1
8862	2
8863	2
8864	2
8865	2
8866	2
8867	2
8868	2
8869	2
8870	2
8871	2
8872	1
8873	2
8874	2
8875	1
8876	2
8877	2
8878	1
8879	1
8880	2
8881	2
8882	1
8883	1
8884	1
8885	2
8886	1
8887	2
8888	1
8889	2
8890	1
8891	2
8892	1
8893	1
8894	1
8895	1
8896	1
8897	1
8898	2
8899	1
8900	1
8901	2
8902	2
8903	1
8904	1
8905	1
8906	1
8907	2
8908	1
8909	1
8910	1
8911	1
8912	1
8913	1
8914	2
8915	1
8916	1
8917	1
8918	1
8919	1
8920	1
8921	1
8922	1
8923	1
8924	1
8925	1
8926	1
8927	1
8928	2
8929	1
8930	1
8931	1
8932	1
8933	1
8934	1
8935	1
8936	1
8937	1
8938	1
8939	1
8940	1
8941	1
8942	1
8943	1
8944	1
8945	1
8946	1
8947	1
8948	1
8949	1
8950	1
8951	1
8952	2
8953	2
8954	1
8955	1
8956	1
8957	1
8958	1
8959	1
8960	1
8961	1
8962	2
8963	1
8964	1
8965	1
8966	1
8967	1
8968	1
8969	1
8970	1
8971	1
8972	1
8973	1
8974	1
8975	2
8976	1
8977	1
8978	1
8979	2
8980	1
8981	1
8982	1
8983	1
8984	1
8985	1
8986	1
8987	1
8988	1
8989	1
8990	1
8991	1
8992	2
8993	1
8994	1
8995	1
8996	1
8997	1
8998	1
8999	1
9000	1
9001	1
9002	1
9003	1
9004	1
9005	1
9006	1
9007	1
9008	1
9009	1
9010	1
9011	1
9012	1
9013	1
9014	1
9015	2
9016	1
9017	1
9018	1
9019	1
9020	0
9021	2
9022	1
9023	2
9024	1
9025	2
9026	1
9027	1
9028	1
9029	1
9030	1
9031	1
9032	1
9033	1
9034	2
9035	1
9036	2
9037	2
9038	2
9039	1
9040	1
9041	0
9042	1
9043	1
9044	2
9045	1
9046	1
9047	1
9048	2
9049	2
9050	1
9051	1
9052	2
9053	2
9054	2
9055	1
9056	2
9057	1
9058	2
9059	1
9060	2
9061	1
9062	2
9063	1
9064	1
9065	1
9066	1
9067	1
9068	1
9069	1
9070	1
9071	1
9072	2
9073	1
9074	1
9075	1
9076	2
9077	2
9078	1
9079	1
9080	1
9081	1
9082	1
9083	1
9084	2
9085	2
9086	2
9087	2
9088	1
9089	1
9090	1
9091	1
9092	1
9093	1
9094	1
9095	1
9096	1
9097	1
9098	1
9099	1
9100	1
9101	1
9102	1
9103	1
9104	1
9105	1
9106	1
9107	1
9108	1
9109	1
9110	1
9111	1
9112	1
9113	1
9114	1
9115	1
9116	1
9117	1
9118	1
9119	2
9120	1
9121	1
9122	1
9123	1
9124	1
9125	1
9126	1
9127	1
9128	1
9129	1
9130	1
9131	1
9132	2
9133	2
9134	2
9135	2
9136	2
9137	2
9138	2
9139	2
9140	2
9141	1
9142	2
9143	2
9144	2
9145	2
9146	1
9147	1
9148	1
9149	1
9150	2
9151	2
9152	2
9153	2
9154	1
9155	1
9156	2
9157	1
9158	1
9159	1
9160	2
9161	2
9162	2
9163	1
9164	2
9165	2
9166	2
9167	1
9168	1
9169	1
9170	2
9171	2
9172	2
9173	2
9174	2
9175	1
9176	2
9177	2
9178	2
9179	1
9180	1
9181	1
9182	1
9183	1
9184	2
9185	2
9186	1
9187	1
9188	1
9189	1
9190	2
9191	2
9192	1
9193	1
9194	1
9195	1
9196	2
9197	1
9198	1
9199	1
9200	1
9201	1
9202	1
9203	1
9204	1
9205	2
9206	1
9207	1
9208	1
9209	1
9210	1
9211	1
9212	1
9213	2
9214	2
9215	2
9216	1
9217	2
9218	2
9219	2
9220	2
9221	1
9222	2
9223	2
9224	2
9225	2
9226	2
9227	2
9228	2
9229	1
9230	2
9231	1
9232	1
9233	1
9234	1
9235	1
9236	1
9237	1
9238	1
9239	1
9240	1
9241	1
9242	2
9243	1
9244	1
9245	1
9246	1
9247	1
9248	1
9249	1
9250	1
9251	1
9252	1
9253	1
9254	1
9255	1
9256	1
9257	1
9258	1
9259	1
9260	1
9261	1
9262	1
9263	2
9264	1
9265	2
9266	1
9267	2
9268	1
9269	2
9270	2
9271	1
9272	2
9273	2
9274	2
9275	2
9276	2
9277	2
9278	2
9279	2
9280	2
9281	2
9282	2
9283	1
9284	0
9285	2
9286	1
9287	1
9288	1
9289	1
9290	1
9291	1
9292	1
9293	1
9294	1
9295	1
9296	1
9297	1
9298	1
9299	1
9300	2
9301	1
9302	1
9303	2
9304	2
9305	3
9306	1
9307	3
9308	2
9309	2
9310	3
9311	2
9312	2
9313	2
9314	3
9315	3
9316	3
9317	3
9318	1
9319	2
9320	2
9321	2
9322	2
9323	2
9324	1
9325	3
9326	2
9327	2
9328	2
9329	3
9330	1
9331	2
9332	3
9333	2
9334	2
9335	1
9336	2
9337	3
9338	3
9339	3
9340	2
9341	2
9342	2
9343	3
9344	3
9345	1
9346	3
9347	2
9348	3
9349	2
9350	2
9351	3
9352	2
9353	2
9354	1
9355	2
9356	2
9357	2
9358	1
9359	2
9360	1
9361	1
9362	3
9363	2
9364	1
9365	2
9366	2
9367	2
9368	2
9369	1
9370	2
9371	2
9372	2
9373	2
9374	1
9375	2
9376	2
9377	1
9378	1
9379	2
9380	0
9381	1
9382	2
9383	1
9384	2
9385	1
9386	2
9387	1
9388	2
9389	1
9390	2
9391	1
9392	2
9393	2
9394	2
9395	2
9396	1
9397	1
9398	1
9399	2
9400	1
9401	2
9402	3
9403	3
9404	2
9405	1
9406	1
9407	2
9408	1
9409	1
9410	2
9411	1
9412	2
9413	1
9414	1
9415	2
9416	1
9417	2
9418	1
9419	2
9420	1
9421	1
9422	1
9423	2
9424	2
9425	2
9426	2
9427	2
9428	1
9429	1
9430	2
9431	2
9432	1
9433	1
9434	1
9435	2
9436	2
9437	2
9438	2
9439	1
9440	1
9441	1
9442	2
9443	1
9444	1
9445	1
9446	2
9447	2
9448	2
9449	1
9450	0
9451	2
9452	1
9453	2
9454	2
9455	2
9456	2
9457	2
9458	2
9459	1
9460	1
9461	1
9462	1
9463	2
9464	2
9465	1
9466	1
9467	1
9468	1
9469	1
9470	1
9471	1
9472	1
9473	1
9474	1
9475	1
9476	1
9477	1
9478	1
9479	1
9480	1
9481	1
9482	1
9483	1
9484	1
9485	1
9486	1
9487	1
9488	1
9489	2
9490	2
9491	1
9492	1
9493	2
9494	1
9495	2
9496	2
9497	2
9498	3
9499	3
9500	3
9501	3
9502	2
9503	3
9504	3
9505	3
9506	3
9507	2
9508	3
9509	3
9510	3
9511	2
9512	2
9513	2
9514	2
9515	2
9516	3
9517	2
9518	2
9519	2
9520	1
9521	2
9522	3
9523	1
9524	2
9525	1
9526	2
9527	1
9528	1
9529	1
9530	1
9531	1
9532	2
9533	2
9534	2
9535	2
9536	2
9537	1
9538	2
9539	2
9540	2
9541	2
9542	1
9543	2
9544	1
9545	1
9546	2
9547	1
9548	2
9549	2
9550	1
9551	2
9552	2
9553	2
9554	2
9555	2
9556	2
9557	2
9558	2
9559	1
9560	2
9561	1
9562	2
9563	1
9564	1
9565	2
9566	2
9567	2
9568	2
9569	2
9570	2
9571	1
9572	1
9573	1
9574	2
9575	2
9576	1
9577	1
9578	1
9579	1
9580	2
9581	2
9582	1
9583	1
9584	1
9585	1
9586	1
9587	1
9588	1
9589	2
9590	2
9591	2
9592	2
9593	3
9594	1
9595	2
9596	2
9597	2
9598	2
9599	1
9600	2
9601	2
9602	2
9603	2
9604	3
9605	2
9606	2
9607	3
9608	2
9609	3
9610	2
9611	2
9612	2
9613	1
9614	2
9615	1
9616	1
9617	1
9618	2
9619	3
9620	3
9621	2
9622	1
9623	2
9624	2
9625	2
9626	3
9627	3
9628	3
9629	3
9630	2
9631	3
9632	3
9633	2
9634	1
9635	2
9636	3
9637	3
9638	3
9639	2
9640	3
9641	2
9642	3
9643	2
9644	1
9645	2
9646	2
9647	2
9648	2
9649	2
9650	3
9651	2
9652	2
9653	3
9654	3
9655	3
9656	3
9657	3
9658	2
9659	3
9660	2
9661	3
9662	3
9663	3
9664	2
9665	2
9666	2
9667	2
9668	1
9669	1
9670	1
9671	1
9672	1
9673	1
9674	1
9675	1
9676	1
9677	1
9678	2
9679	1
9680	1
9681	1
9682	1
9683	2
9684	1
9685	1
9686	1
9687	1
9688	1
9689	1
9690	2
9691	1
9692	2
9693	1
9694	1
9695	2
9696	1
9697	2
9698	3
9699	2
9700	3
9701	2
9702	3
9703	3
9704	3
9705	3
9706	3
9707	1
9708	3
9709	3
9710	2
9711	2
9712	2
9713	2
9714	3
9715	2
9716	1
9717	2
9718	2
9719	3
9720	2
9721	2
9722	3
9723	3
9724	2
9725	2
9726	3
9727	2
9728	2
9729	3
9730	3
9731	2
9732	1
9733	3
9734	2
9735	3
9736	2
9737	3
9738	3
9739	3
9740	3
9741	3
9742	3
9743	3
9744	1
9745	2
9746	1
9747	3
9748	2
9749	3
9750	1
9751	1
9752	3
9753	2
9754	3
9755	2
9756	3
9757	3
9758	3
9759	3
9760	3
9761	3
9762	3
9763	2
9764	2
9765	3
9766	3
9767	3
9768	3
9769	2
9770	3
9771	3
9772	3
9773	2
9774	2
9775	2
9776	3
9777	2
9778	3
9779	2
9780	3
9781	3
9782	3
9783	3
9784	2
9785	2
9786	2
9787	2
9788	3
9789	3
9790	3
9791	3
9792	3
9793	3
9794	2
9795	3
9796	3
9797	2
9798	2
9799	3
9800	2
9801	3
9802	1
9803	3
9804	3
9805	3
9806	3
9807	2
9808	3
9809	3
9810	3
9811	3
9812	3
9813	2
9814	3
9815	3
9816	3
9817	2
9818	3
9819	3
9820	3
9821	3
9822	3
9823	1
9824	3
9825	3
9826	3
9827	1
9828	1
9829	1
9830	1
9831	1
9832	2
9833	1
9834	1
9835	2
9836	2
9837	2
9838	1
9839	1
9840	2
9841	2
9842	1
9843	1
9844	1
9845	2
9846	2
9847	1
9848	2
9849	1
9850	1
9851	2
9852	1
9853	2
9854	1
9855	1
9856	2
9857	1
9858	3
9859	2
9860	1
9861	2
9862	3
9863	3
9864	3
9865	2
9866	2
9867	2
9868	2
9869	2
9870	3
9871	2
9872	2
9873	2
9874	3
9875	2
9876	1
9877	1
9878	2
9879	1
9880	2
9881	2
9882	1
9883	2
9884	2
9885	1
9886	2
9887	1
9888	2
9889	2
9890	3
9891	2
9892	3
9893	2
9894	2
9895	3
9896	2
9897	3
9898	3
9899	3
9900	3
9901	3
9902	3
9903	2
9904	3
9905	3
9906	3
9907	2
9908	3
9909	3
9910	3
9911	3
9912	3
9913	3
9914	3
9915	2
9916	3
9917	2
9918	2
9919	2
9920	2
9921	1
9922	2
9923	1
9924	2
9925	2
9926	2
9927	2
9928	2
9929	2
9930	2
9931	2
9932	2
9933	2
9934	2
9935	2
9936	2
9937	2
9938	2
9939	2
9940	1
9941	3
9942	0
9943	2
9944	2
9945	2
9946	2
9947	3
9948	2
9949	1
9950	2
9951	1
9952	3
9953	1
9954	1
9955	2
9956	2
9957	2
9958	2
9959	1
9960	3
9961	3
9962	2
9963	3
9964	3
9965	1
9966	1
9967	2
9968	3
9969	3
9970	3
9971	3
9972	2
9973	2
9974	2
9975	2
9976	2
9977	2
9978	1
9979	1
9980	2
9981	2
9982	2
9983	1
9984	2
9985	1
9986	3
9987	2
9988	2
9989	2
9990	2
9991	1
9992	2
9993	2
9994	2
9995	1
9996	2
9997	3
9998	1
9999	2
10000	1
