1	3
2	1
3	1
4	1
5	0
6	1
7	0
8	1
9	1
10	1
11	0
12	1
13	2
14	1
15	1
16	1
17	1
18	1
19	1
20	2
21	1
22	0
23	2
24	2
25	1
26	0
27	0
28	1
29	0
30	1
31	2
32	1
33	1
34	0
35	1
36	1
37	1
38	2
39	1
40	2
41	0
42	1
43	0
44	2
45	0
46	0
47	1
48	1
49	1
50	2
51	1
52	1
53	2
54	2
55	1
56	1
57	0
58	1
59	1
60	0
61	0
62	1
63	1
64	1
65	1
66	1
67	1
68	1
69	1
70	0
71	2
72	1
73	0
74	1
75	1
76	2
77	2
78	1
79	2
80	0
81	2
82	1
83	1
84	0
85	0
86	2
87	1
88	1
89	1
90	0
91	0
92	0
93	1
94	0
95	1
96	0
97	0
98	1
99	1
100	1
101	0
102	0
103	0
104	0
105	1
106	0
107	0
108	0
109	0
110	0
111	0
112	1
113	0
114	1
115	1
116	1
117	2
118	0
119	1
120	1
121	0
122	0
123	0
124	1
125	0
126	0
127	1
128	1
129	1
130	1
131	0
132	1
133	1
134	2
135	1
136	1
137	1
138	2
139	2
140	0
141	0
142	0
143	1
144	0
145	2
146	1
147	0
148	0
149	0
150	1
151	0
152	1
153	1
154	1
155	0
156	1
157	1
158	0
159	0
160	0
161	0
162	0
163	1
164	1
165	1
166	1
167	1
168	1
169	1
170	1
171	1
172	0
173	1
174	1
175	1
176	1
177	0
178	1
179	1
180	1
181	1
182	1
183	1
184	1
185	1
186	1
187	1
188	0
189	1
190	1
191	1
192	0
193	1
194	1
195	1
196	1
197	1
198	1
199	1
200	1
201	1
202	1
203	1
204	1
205	1
206	0
207	1
208	1
209	1
210	1
211	1
212	1
213	1
214	1
215	1
216	1
217	1
218	1
219	1
220	0
221	1
222	0
223	1
224	1
225	1
226	1
227	1
228	1
229	1
230	1
231	1
232	1
233	1
234	0
235	1
236	0
237	1
238	0
239	1
240	1
241	1
242	1
243	1
244	1
245	1
246	1
247	1
248	1
249	1
250	1
251	1
252	1
253	1
254	1
255	1
256	1
257	1
258	1
259	1
260	1
261	1
262	1
263	1
264	1
265	1
266	1
267	1
268	0
269	1
270	1
271	1
272	0
273	1
274	0
275	1
276	1
277	1
278	1
279	1
280	1
281	1
282	1
283	1
284	1
285	1
286	1
287	1
288	0
289	1
290	1
291	2
292	1
293	1
294	0
295	1
296	1
297	1
298	1
299	1
300	1
301	1
302	1
303	1
304	1
305	0
306	1
307	1
308	1
309	1
310	1
311	1
312	0
313	1
314	1
315	1
316	1
317	1
318	1
319	1
320	1
321	1
322	1
323	1
324	1
325	1
326	1
327	1
328	1
329	1
330	0
331	1
332	1
333	1
334	1
335	1
336	1
337	1
338	1
339	0
340	1
341	1
342	1
343	1
344	1
345	1
346	0
347	1
348	1
349	1
350	1
351	1
352	1
353	1
354	0
355	1
356	1
357	1
358	1
359	1
360	1
361	1
362	1
363	1
364	1
365	1
366	1
367	1
368	1
369	1
370	1
371	1
372	1
373	1
374	1
375	1
376	1
377	1
378	1
379	1
380	1
381	1
382	1
383	1
384	1
385	0
386	1
387	1
388	1
389	1
390	1
391	1
392	1
393	1
394	1
395	1
396	1
397	1
398	1
399	1
400	1
401	1
402	1
403	1
404	1
405	1
406	1
407	1
408	1
409	1
410	1
411	1
412	1
413	1
414	1
415	1
416	1
417	1
418	1
419	1
420	1
421	1
422	1
423	1
424	0
425	1
426	1
427	1
428	1
429	1
430	1
431	1
432	1
433	1
434	1
435	1
436	1
437	1
438	1
439	1
440	1
441	2
442	1
443	2
444	1
445	2
446	1
447	1
448	1
449	1
450	0
451	1
452	2
453	1
454	0
455	1
456	1
457	1
458	1
459	1
460	1
461	1
462	1
463	1
464	1
465	1
466	1
467	1
468	1
469	1
470	1
471	0
472	1
473	1
474	1
475	1
476	1
477	1
478	1
479	1
480	1
481	1
482	1
483	1
484	1
485	1
486	1
487	1
488	1
489	1
490	1
491	1
492	1
493	1
494	1
495	1
496	0
497	1
498	1
499	1
500	1
501	1
502	1
503	1
504	1
505	1
506	1
507	1
508	1
509	1
510	1
511	1
512	1
513	1
514	0
515	1
516	1
517	1
518	2
519	1
520	1
521	0
522	1
523	1
524	1
525	0
526	1
527	1
528	1
529	1
530	1
531	1
532	1
533	0
534	1
535	1
536	1
537	0
538	1
539	1
540	1
541	1
542	0
543	1
544	1
545	1
546	1
547	1
548	1
549	1
550	1
551	1
552	1
553	1
554	1
555	1
556	1
557	1
558	1
559	0
560	1
561	0
562	1
563	1
564	1
565	0
566	0
567	1
568	1
569	0
570	1
571	0
572	0
573	1
574	1
575	1
576	1
577	1
578	1
579	1
580	1
581	1
582	1
583	1
584	1
585	1
586	0
587	2
588	1
589	1
590	1
591	0
592	0
593	1
594	1
595	1
596	1
597	1
598	1
599	0
600	1
601	1
602	1
603	1
604	1
605	1
606	1
607	1
608	1
609	1
610	1
611	1
612	1
613	1
614	1
615	1
616	2
617	1
618	1
619	1
620	1
621	1
622	1
623	1
624	1
625	1
626	1
627	1
628	1
629	1
630	0
631	1
632	1
633	2
634	1
635	0
636	1
637	1
638	1
639	0
640	1
641	1
642	1
643	1
644	1
645	1
646	1
647	0
648	1
649	1
650	1
651	1
652	1
653	1
654	1
655	1
656	1
657	1
658	1
659	1
660	1
661	1
662	1
663	1
664	1
665	1
666	1
667	1
668	1
669	1
670	1
671	1
672	1
673	1
674	1
675	1
676	1
677	1
678	1
679	1
680	1
681	1
682	1
683	0
684	1
685	1
686	1
687	1
688	1
689	1
690	1
691	1
692	1
693	1
694	1
695	1
696	1
697	1
698	0
699	1
700	1
701	1
702	1
703	1
704	1
705	1
706	1
707	1
708	1
709	0
710	1
711	1
712	1
713	1
714	1
715	0
716	1
717	1
718	1
719	1
720	1
721	1
722	1
723	1
724	1
725	1
726	1
727	1
728	1
729	1
730	1
731	0
732	0
733	1
734	1
735	1
736	1
737	1
738	1
739	2
740	2
741	1
742	1
743	1
744	1
745	0
746	1
747	0
748	1
749	1
750	1
751	1
752	1
753	1
754	0
755	0
756	1
757	0
758	0
759	1
760	0
761	1
762	1
763	1
764	1
765	0
766	1
767	1
768	1
769	1
770	0
771	1
772	1
773	0
774	0
775	0
776	0
777	1
778	1
779	1
780	0
781	0
782	1
783	1
784	0
785	1
786	1
787	1
788	1
789	1
790	0
791	0
792	1
793	0
794	0
795	0
796	1
797	1
798	0
799	0
800	1
801	0
802	1
803	1
804	1
805	0
806	0
807	0
808	0
809	1
810	0
811	0
812	1
813	1
814	1
815	1
816	1
817	2
818	1
819	1
820	1
821	1
822	1
823	0
824	1
825	0
826	0
827	1
828	1
829	1
830	1
831	0
832	1
833	0
834	0
835	1
836	1
837	0
838	0
839	0
840	1
841	1
842	1
843	1
844	0
845	0
846	0
847	1
848	0
849	1
850	0
851	1
852	1
853	1
854	1
855	0
856	1
857	1
858	1
859	1
860	0
861	1
862	1
863	1
864	0
865	0
866	0
867	0
868	0
869	1
870	1
871	0
872	0
873	0
874	0
875	0
876	1
877	1
878	0
879	1
880	1
881	1
882	0
883	1
884	1
885	0
886	1
887	1
888	0
889	1
890	1
891	1
892	0
893	1
894	1
895	1
896	0
897	0
898	1
899	0
900	1
901	0
902	0
903	1
904	0
905	0
906	0
907	0
908	0
909	1
910	0
911	0
912	1
913	1
914	1
915	0
916	1
917	0
918	0
919	1
920	0
921	1
922	0
923	0
924	1
925	0
926	1
927	0
928	1
929	1
930	0
931	1
932	1
933	1
934	1
935	0
936	1
937	0
938	1
939	1
940	1
941	0
942	1
943	1
944	0
945	1
946	0
947	1
948	1
949	0
950	0
951	1
952	0
953	0
954	1
955	0
956	1
957	0
958	1
959	0
960	1
961	0
962	1
963	1
964	1
965	1
966	1
967	0
968	1
969	0
970	0
971	1
972	1
973	0
974	0
975	0
976	0
977	1
978	0
979	0
980	1
981	0
982	1
983	1
984	1
985	1
986	0
987	1
988	1
989	0
990	0
991	0
992	1
993	1
994	1
995	0
996	0
997	1
998	1
999	0
1000	1
1001	0
1002	1
1003	1
1004	1
1005	0
1006	0
1007	1
1008	1
1009	1
1010	1
1011	1
1012	0
1013	0
1014	0
1015	0
1016	0
1017	0
1018	1
1019	0
1020	1
1021	1
1022	0
1023	1
1024	1
1025	1
1026	0
1027	1
1028	0
1029	1
1030	0
1031	1
1032	0
1033	0
1034	1
1035	1
1036	1
1037	0
1038	1
1039	1
1040	1
1041	0
1042	0
1043	1
1044	0
1045	1
1046	0
1047	0
1048	0
1049	0
1050	0
1051	0
1052	1
1053	0
1054	1
1055	1
1056	0
1057	0
1058	1
1059	0
1060	0
1061	0
1062	1
1063	1
1064	1
1065	1
1066	0
1067	0
1068	1
1069	1
1070	1
1071	0
1072	0
1073	1
1074	0
1075	1
1076	1
1077	1
1078	1
1079	0
1080	0
1081	1
1082	1
1083	0
1084	0
1085	0
1086	1
1087	1
1088	1
1089	1
1090	0
1091	0
1092	1
1093	0
1094	1
1095	1
1096	1
1097	1
1098	1
1099	1
1100	0
1101	1
1102	1
1103	1
1104	1
1105	1
1106	1
1107	1
1108	1
1109	1
1110	1
1111	0
1112	1
1113	1
1114	0
1115	1
1116	2
1117	0
1118	1
1119	1
1120	1
1121	1
1122	1
1123	1
1124	1
1125	0
1126	0
1127	1
1128	0
1129	1
1130	1
1131	1
1132	1
1133	1
1134	1
1135	2
1136	1
1137	0
1138	0
1139	0
1140	1
1141	1
1142	1
1143	0
1144	1
1145	1
1146	1
1147	1
1148	0
1149	1
1150	0
1151	1
1152	0
1153	0
1154	1
1155	0
1156	0
1157	0
1158	0
1159	1
1160	1
1161	1
1162	1
1163	0
1164	1
1165	1
1166	1
1167	0
1168	1
1169	0
1170	0
1171	1
1172	1
1173	1
1174	0
1175	1
1176	0
1177	1
1178	0
1179	0
1180	0
1181	0
1182	1
1183	1
1184	1
1185	1
1186	1
1187	0
1188	2
1189	2
1190	1
1191	1
1192	1
1193	1
1194	1
1195	1
1196	1
1197	0
1198	2
1199	1
1200	1
1201	1
1202	1
1203	1
1204	0
1205	1
1206	1
1207	0
1208	0
1209	0
1210	1
1211	0
1212	0
1213	1
1214	0
1215	1
1216	0
1217	1
1218	0
1219	0
1220	1
1221	0
1222	1
1223	1
1224	2
1225	2
1226	1
1227	1
1228	0
1229	0
1230	0
1231	0
1232	0
1233	2
1234	0
1235	0
1236	1
1237	1
1238	0
1239	1
1240	0
1241	0
1242	1
1243	0
1244	1
1245	1
1246	1
1247	0
1248	0
1249	1
1250	1
1251	0
1252	1
1253	1
1254	0
1255	0
1256	1
1257	1
1258	1
1259	1
1260	0
1261	0
1262	0
1263	1
1264	1
1265	1
1266	1
1267	0
1268	0
1269	0
1270	1
1271	1
1272	1
1273	0
1274	1
1275	0
1276	0
1277	0
1278	0
1279	1
1280	0
1281	0
1282	0
1283	0
1284	0
1285	0
1286	0
1287	0
1288	0
1289	1
1290	1
1291	1
1292	1
1293	1
1294	1
1295	1
1296	1
1297	0
1298	0
1299	0
1300	0
1301	1
1302	1
1303	1
1304	0
1305	1
1306	1
1307	1
1308	1
1309	2
1310	0
1311	1
1312	0
1313	1
1314	0
1315	1
1316	1
1317	1
1318	0
1319	0
1320	0
1321	1
1322	1
1323	1
1324	1
1325	1
1326	1
1327	2
1328	1
1329	1
1330	1
1331	1
1332	0
1333	1
1334	1
1335	1
1336	1
1337	1
1338	0
1339	1
1340	1
1341	1
1342	0
1343	1
1344	1
1345	1
1346	1
1347	1
1348	0
1349	1
1350	0
1351	1
1352	1
1353	1
1354	1
1355	1
1356	1
1357	0
1358	0
1359	1
1360	1
1361	1
1362	1
1363	1
1364	0
1365	1
1366	1
1367	0
1368	1
1369	1
1370	1
1371	0
1372	1
1373	0
1374	1
1375	1
1376	1
1377	0
1378	1
1379	1
1380	1
1381	1
1382	0
1383	0
1384	1
1385	1
1386	1
1387	1
1388	1
1389	1
1390	0
1391	1
1392	1
1393	1
1394	1
1395	1
1396	0
1397	1
1398	0
1399	0
1400	1
1401	1
1402	0
1403	0
1404	0
1405	2
1406	1
1407	1
1408	1
1409	1
1410	0
1411	1
1412	0
1413	1
1414	0
1415	0
1416	1
1417	0
1418	0
1419	0
1420	1
1421	1
1422	1
1423	1
1424	0
1425	0
1426	1
1427	0
1428	1
1429	0
1430	1
1431	0
1432	1
1433	1
1434	1
1435	0
1436	0
1437	0
1438	1
1439	0
1440	0
1441	1
1442	0
1443	0
1444	0
1445	1
1446	1
1447	1
1448	1
1449	1
1450	1
1451	1
1452	1
1453	0
1454	0
1455	0
1456	1
1457	1
1458	1
1459	1
1460	1
1461	1
1462	1
1463	1
1464	1
1465	1
1466	0
1467	0
1468	1
1469	1
1470	1
1471	1
1472	1
1473	1
1474	1
1475	0
1476	0
1477	0
1478	0
1479	0
1480	1
1481	0
1482	0
1483	1
1484	1
1485	0
1486	1
1487	1
1488	1
1489	0
1490	1
1491	0
1492	1
1493	1
1494	0
1495	1
1496	1
1497	1
1498	1
1499	0
1500	1
1501	1
1502	0
1503	1
1504	1
1505	1
1506	1
1507	1
1508	0
1509	0
1510	1
1511	0
1512	1
1513	0
1514	1
1515	1
1516	1
1517	0
1518	0
1519	0
1520	1
1521	0
1522	1
1523	0
1524	1
1525	0
1526	1
1527	1
1528	1
1529	1
1530	0
1531	1
1532	0
1533	1
1534	0
1535	1
1536	1
1537	1
1538	1
1539	1
1540	1
1541	1
1542	1
1543	1
1544	1
1545	1
1546	1
1547	1
1548	1
1549	1
1550	1
1551	1
1552	1
1553	1
1554	1
1555	1
1556	1
1557	0
1558	0
1559	1
1560	1
1561	1
1562	1
1563	1
1564	0
1565	1
1566	1
1567	0
1568	1
1569	0
1570	0
1571	1
1572	1
1573	1
1574	1
1575	1
1576	1
1577	1
1578	1
1579	1
1580	1
1581	1
1582	1
1583	0
1584	1
1585	1
1586	1
1587	1
1588	1
1589	1
1590	1
1591	0
1592	1
1593	1
1594	1
1595	1
1596	1
1597	1
1598	1
1599	0
1600	0
1601	1
1602	1
1603	0
1604	1
1605	1
1606	1
1607	1
1608	1
1609	1
1610	1
1611	1
1612	1
1613	1
1614	0
1615	1
1616	1
1617	1
1618	1
1619	1
1620	1
1621	1
1622	1
1623	1
1624	1
1625	1
1626	1
1627	0
1628	1
1629	1
1630	1
1631	1
1632	1
1633	1
1634	1
1635	1
1636	1
1637	0
1638	1
1639	1
1640	1
1641	1
1642	1
1643	1
1644	1
1645	1
1646	1
1647	0
1648	1
1649	1
1650	1
1651	1
1652	1
1653	0
1654	1
1655	1
1656	1
1657	1
1658	1
1659	1
1660	1
1661	1
1662	0
1663	1
1664	1
1665	1
1666	0
1667	1
1668	1
1669	0
1670	1
1671	1
1672	1
1673	1
1674	1
1675	1
1676	1
1677	1
1678	1
1679	0
1680	1
1681	1
1682	1
1683	1
1684	1
1685	1
1686	1
1687	1
1688	0
1689	1
1690	1
1691	1
1692	1
1693	1
1694	1
1695	0
1696	1
1697	1
1698	1
1699	1
1700	1
1701	0
1702	1
1703	1
1704	0
1705	1
1706	0
1707	1
1708	1
1709	1
1710	1
1711	1
1712	1
1713	0
1714	1
1715	1
1716	1
1717	1
1718	1
1719	1
1720	1
1721	0
1722	1
1723	1
1724	0
1725	1
1726	1
1727	1
1728	1
1729	1
1730	1
1731	1
1732	1
1733	1
1734	0
1735	1
1736	0
1737	0
1738	0
1739	1
1740	1
1741	1
1742	1
1743	1
1744	1
1745	1
1746	1
1747	1
1748	1
1749	0
1750	1
1751	1
1752	0
1753	0
1754	1
1755	1
1756	1
1757	1
1758	0
1759	1
1760	0
1761	1
1762	1
1763	1
1764	1
1765	1
1766	1
1767	1
1768	1
1769	1
1770	1
1771	1
1772	1
1773	1
1774	1
1775	1
1776	1
1777	1
1778	1
1779	0
1780	0
1781	1
1782	1
1783	1
1784	1
1785	1
1786	1
1787	1
1788	1
1789	1
1790	1
1791	1
1792	1
1793	1
1794	1
1795	1
1796	1
1797	1
1798	0
1799	1
1800	1
1801	1
1802	1
1803	1
1804	1
1805	1
1806	1
1807	1
1808	1
1809	1
1810	1
1811	1
1812	1
1813	1
1814	1
1815	1
1816	1
1817	1
1818	1
1819	1
1820	0
1821	1
1822	1
1823	1
1824	1
1825	1
1826	1
1827	1
1828	1
1829	1
1830	2
1831	1
1832	1
1833	1
1834	1
1835	1
1836	1
1837	0
1838	1
1839	0
1840	1
1841	0
1842	1
1843	1
1844	0
1845	0
1846	1
1847	1
1848	0
1849	0
1850	1
1851	1
1852	0
1853	0
1854	1
1855	0
1856	1
1857	1
1858	1
1859	1
1860	0
1861	0
1862	1
1863	1
1864	1
1865	1
1866	0
1867	0
1868	1
1869	0
1870	1
1871	0
1872	0
1873	1
1874	1
1875	1
1876	1
1877	1
1878	0
1879	0
1880	1
1881	0
1882	0
1883	0
1884	1
1885	1
1886	1
1887	1
1888	1
1889	1
1890	1
1891	1
1892	1
1893	1
1894	1
1895	1
1896	1
1897	1
1898	1
1899	1
1900	1
1901	1
1902	0
1903	1
1904	1
1905	1
1906	1
1907	1
1908	1
1909	1
1910	0
1911	1
1912	1
1913	1
1914	1
1915	1
1916	1
1917	0
1918	1
1919	0
1920	1
1921	1
1922	1
1923	0
1924	0
1925	1
1926	1
1927	0
1928	0
1929	0
1930	1
1931	1
1932	0
1933	0
1934	1
1935	1
1936	0
1937	1
1938	1
1939	0
1940	1
1941	0
1942	1
1943	1
1944	1
1945	1
1946	1
1947	1
1948	0
1949	0
1950	1
1951	1
1952	0
1953	1
1954	0
1955	1
1956	0
1957	1
1958	0
1959	1
1960	1
1961	1
1962	1
1963	1
1964	1
1965	1
1966	0
1967	1
1968	1
1969	1
1970	1
1971	1
1972	1
1973	1
1974	1
1975	1
1976	1
1977	1
1978	1
1979	1
1980	1
1981	1
1982	1
1983	1
1984	1
1985	1
1986	1
1987	1
1988	1
1989	1
1990	1
1991	1
1992	1
1993	0
1994	0
1995	1
1996	1
1997	1
1998	1
1999	1
2000	1
2001	1
2002	1
2003	1
2004	1
2005	1
2006	1
2007	1
2008	1
2009	1
2010	1
2011	0
2012	1
2013	1
2014	1
2015	1
2016	1
2017	0
2018	1
2019	1
2020	1
2021	1
2022	1
2023	0
2024	1
2025	1
2026	1
2027	1
2028	0
2029	1
2030	1
2031	1
2032	1
2033	1
2034	0
2035	1
2036	1
2037	1
2038	1
2039	1
2040	1
2041	0
2042	1
2043	1
2044	1
2045	0
2046	1
2047	1
2048	1
2049	1
2050	1
2051	1
2052	1
2053	1
2054	1
2055	1
2056	1
2057	1
2058	1
2059	1
2060	1
2061	1
2062	0
2063	1
2064	0
2065	1
2066	1
2067	1
2068	1
2069	1
2070	1
2071	1
2072	1
2073	0
2074	1
2075	1
2076	1
2077	1
2078	1
2079	1
2080	1
2081	1
2082	0
2083	1
2084	1
2085	1
2086	0
2087	0
2088	1
2089	1
2090	1
2091	2
2092	1
2093	1
2094	1
2095	0
2096	1
2097	1
2098	1
2099	1
2100	1
2101	0
2102	1
2103	1
2104	1
2105	0
2106	0
2107	0
2108	1
2109	1
2110	1
2111	0
2112	1
2113	1
2114	1
2115	1
2116	1
2117	1
2118	1
2119	1
2120	0
2121	0
2122	1
2123	0
2124	0
2125	0
2126	1
2127	1
2128	1
2129	1
2130	1
2131	1
2132	1
2133	1
2134	0
2135	0
2136	1
2137	1
2138	0
2139	1
2140	1
2141	0
2142	1
2143	1
2144	1
2145	1
2146	1
2147	1
2148	1
2149	1
2150	1
2151	1
2152	1
2153	1
2154	1
2155	0
2156	1
2157	1
2158	1
2159	1
2160	0
2161	0
2162	0
2163	1
2164	1
2165	0
2166	0
2167	0
2168	1
2169	1
2170	1
2171	1
2172	1
2173	0
2174	1
2175	0
2176	0
2177	0
2178	0
2179	0
2180	1
2181	1
2182	1
2183	1
2184	1
2185	1
2186	1
2187	1
2188	1
2189	1
2190	1
2191	1
2192	1
2193	1
2194	1
2195	1
2196	1
2197	1
2198	1
2199	1
2200	1
2201	1
2202	1
2203	1
2204	1
2205	1
2206	1
2207	1
2208	1
2209	1
2210	1
2211	1
2212	1
2213	1
2214	1
2215	1
2216	1
2217	0
2218	0
2219	1
2220	1
2221	0
2222	1
2223	0
2224	1
2225	0
2226	0
2227	0
2228	1
2229	1
2230	1
2231	0
2232	1
2233	0
2234	1
2235	1
2236	1
2237	1
2238	1
2239	1
2240	1
2241	1
2242	0
2243	1
2244	1
2245	1
2246	1
2247	1
2248	0
2249	1
2250	1
2251	1
2252	1
2253	0
2254	0
2255	0
2256	1
2257	1
2258	0
2259	1
2260	0
2261	1
2262	0
2263	1
2264	0
2265	0
2266	0
2267	1
2268	1
2269	1
2270	1
2271	1
2272	0
2273	1
2274	1
2275	1
2276	1
2277	1
2278	1
2279	1
2280	1
2281	1
2282	1
2283	1
2284	1
2285	1
2286	1
2287	0
2288	1
2289	1
2290	1
2291	1
2292	1
2293	1
2294	1
2295	1
2296	1
2297	1
2298	0
2299	1
2300	1
2301	1
2302	1
2303	1
2304	1
2305	1
2306	1
2307	1
2308	1
2309	1
2310	0
2311	1
2312	1
2313	0
2314	1
2315	1
2316	1
2317	1
2318	1
2319	1
2320	1
2321	1
2322	1
2323	1
2324	1
2325	0
2326	1
2327	0
2328	0
2329	1
2330	1
2331	1
2332	1
2333	1
2334	1
2335	1
2336	0
2337	1
2338	0
2339	0
2340	0
2341	1
2342	1
2343	1
2344	1
2345	1
2346	0
2347	1
2348	0
2349	1
2350	1
2351	1
2352	0
2353	0
2354	1
2355	1
2356	0
2357	0
2358	1
2359	1
2360	0
2361	1
2362	0
2363	1
2364	1
2365	1
2366	1
2367	0
2368	0
2369	1
2370	1
2371	1
2372	0
2373	1
2374	0
2375	1
2376	0
2377	0
2378	1
2379	0
2380	0
2381	0
2382	1
2383	0
2384	1
2385	1
2386	1
2387	1
2388	0
2389	0
2390	1
2391	0
2392	1
2393	1
2394	1
2395	1
2396	1
2397	1
2398	1
2399	1
2400	1
2401	1
2402	1
2403	1
2404	1
2405	1
2406	1
2407	1
2408	0
2409	1
2410	1
2411	0
2412	1
2413	1
2414	1
2415	0
2416	1
2417	1
2418	1
2419	0
2420	1
2421	1
2422	0
2423	1
2424	1
2425	1
2426	0
2427	0
2428	0
2429	0
2430	1
2431	1
2432	1
2433	0
2434	0
2435	1
2436	0
2437	0
2438	1
2439	1
2440	1
2441	0
2442	0
2443	1
2444	1
2445	1
2446	0
2447	0
2448	0
2449	1
2450	1
2451	1
2452	0
2453	0
2454	0
2455	0
2456	0
2457	0
2458	0
2459	1
2460	0
2461	1
2462	1
2463	0
2464	0
2465	1
2466	1
2467	0
2468	0
2469	1
2470	1
2471	1
2472	0
2473	1
2474	1
2475	0
2476	1
2477	1
2478	0
2479	1
2480	0
2481	0
2482	0
2483	1
2484	1
2485	2
2486	1
2487	0
2488	0
2489	0
2490	0
2491	0
2492	0
2493	1
2494	0
2495	0
2496	1
2497	0
2498	1
2499	1
2500	1
2501	1
2502	1
2503	1
2504	1
2505	1
2506	0
2507	1
2508	1
2509	0
2510	0
2511	0
2512	0
2513	0
2514	0
2515	1
2516	1
2517	1
2518	0
2519	1
2520	1
2521	1
2522	1
2523	0
2524	1
2525	1
2526	1
2527	1
2528	0
2529	0
2530	1
2531	1
2532	1
2533	0
2534	0
2535	1
2536	1
2537	1
2538	1
2539	0
2540	0
2541	0
2542	1
2543	1
2544	0
2545	0
2546	1
2547	1
2548	1
2549	1
2550	1
2551	0
2552	1
2553	0
2554	0
2555	0
2556	0
2557	1
2558	0
2559	0
2560	1
2561	0
2562	0
2563	0
2564	1
2565	0
2566	1
2567	1
2568	1
2569	0
2570	0
2571	1
2572	0
2573	0
2574	0
2575	1
2576	0
2577	0
2578	0
2579	0
2580	0
2581	1
2582	0
2583	0
2584	0
2585	0
2586	0
2587	0
2588	0
2589	1
2590	0
2591	0
2592	0
2593	0
2594	0
2595	1
2596	1
2597	0
2598	1
2599	1
2600	1
2601	0
2602	1
2603	1
2604	0
2605	0
2606	1
2607	0
2608	1
2609	1
2610	0
2611	0
2612	0
2613	0
2614	0
2615	0
2616	0
2617	0
2618	1
2619	1
2620	0
2621	1
2622	0
2623	1
2624	1
2625	0
2626	0
2627	0
2628	0
2629	0
2630	0
2631	0
2632	1
2633	1
2634	1
2635	1
2636	0
2637	0
2638	1
2639	0
2640	1
2641	0
2642	0
2643	0
2644	1
2645	0
2646	1
2647	1
2648	1
2649	1
2650	0
2651	0
2652	0
2653	0
2654	1
2655	0
2656	0
2657	1
2658	1
2659	1
2660	1
2661	1
2662	1
2663	0
2664	0
2665	1
2666	0
2667	1
2668	0
2669	0
2670	1
2671	0
2672	0
2673	0
2674	0
2675	0
2676	1
2677	1
2678	0
2679	0
2680	0
2681	0
2682	0
2683	0
2684	0
2685	0
2686	1
2687	0
2688	0
2689	1
2690	1
2691	1
2692	1
2693	0
2694	0
2695	0
2696	0
2697	0
2698	0
2699	0
2700	0
2701	0
2702	0
2703	0
2704	0
2705	0
2706	0
2707	0
2708	0
2709	1
2710	1
2711	0
2712	0
2713	1
2714	0
2715	0
2716	0
2717	1
2718	0
2719	1
2720	0
2721	1
2722	0
2723	0
2724	1
2725	1
2726	1
2727	1
2728	1
2729	0
2730	0
2731	0
2732	0
2733	0
2734	1
2735	0
2736	1
2737	0
2738	0
2739	0
2740	0
2741	0
2742	0
2743	1
2744	1
2745	1
2746	1
2747	1
2748	1
2749	1
2750	0
2751	1
2752	0
2753	1
2754	1
2755	1
2756	0
2757	1
2758	1
2759	1
2760	0
2761	0
2762	0
2763	1
2764	1
2765	1
2766	1
2767	0
2768	0
2769	0
2770	0
2771	0
2772	1
2773	0
2774	0
2775	0
2776	0
2777	0
2778	0
2779	0
2780	0
2781	0
2782	0
2783	0
2784	0
2785	0
2786	0
2787	1
2788	0
2789	1
2790	1
2791	0
2792	1
2793	0
2794	0
2795	0
2796	0
2797	0
2798	0
2799	0
2800	0
2801	0
2802	0
2803	0
2804	0
2805	0
2806	1
2807	0
2808	1
2809	1
2810	1
2811	1
2812	1
2813	0
2814	1
2815	0
2816	0
2817	1
2818	1
2819	1
2820	1
2821	1
2822	1
2823	1
2824	1
2825	0
2826	1
2827	1
2828	0
2829	1
2830	0
2831	1
2832	1
2833	0
2834	0
2835	1
2836	1
2837	1
2838	0
2839	1
2840	1
2841	0
2842	1
2843	1
2844	1
2845	1
2846	1
2847	0
2848	1
2849	0
2850	0
2851	1
2852	0
2853	0
2854	0
2855	0
2856	0
2857	0
2858	1
2859	0
2860	0
2861	0
2862	1
2863	1
2864	1
2865	1
2866	0
2867	0
2868	1
2869	1
2870	0
2871	0
2872	0
2873	1
2874	0
2875	1
2876	0
2877	0
2878	0
2879	0
2880	1
2881	0
2882	0
2883	0
2884	0
2885	1
2886	0
2887	0
2888	0
2889	1
2890	0
2891	0
2892	0
2893	0
2894	0
2895	0
2896	1
2897	0
2898	0
2899	0
2900	0
2901	0
2902	0
2903	1
2904	0
2905	0
2906	0
2907	0
2908	0
2909	0
2910	0
2911	0
2912	0
2913	0
2914	1
2915	1
2916	0
2917	0
2918	0
2919	1
2920	0
2921	0
2922	0
2923	0
2924	0
2925	1
2926	0
2927	0
2928	0
2929	0
2930	0
2931	0
2932	0
2933	0
2934	0
2935	0
2936	0
2937	0
2938	0
2939	0
2940	0
2941	0
2942	0
2943	0
2944	0
2945	0
2946	0
2947	0
2948	0
2949	0
2950	0
2951	0
2952	0
2953	0
2954	0
2955	1
2956	0
2957	0
2958	0
2959	0
2960	0
2961	0
2962	1
2963	0
2964	0
2965	1
2966	1
2967	1
2968	0
2969	0
2970	1
2971	1
2972	0
2973	1
2974	1
2975	1
2976	0
2977	1
2978	0
2979	1
2980	1
2981	1
2982	0
2983	1
2984	1
2985	0
2986	1
2987	1
2988	1
2989	0
2990	1
2991	0
2992	0
2993	0
2994	0
2995	1
2996	1
2997	1
2998	0
2999	1
3000	0
3001	0
3002	0
3003	1
3004	1
3005	0
3006	1
3007	0
3008	1
3009	0
3010	1
3011	0
3012	0
3013	1
3014	1
3015	0
3016	0
3017	0
3018	1
3019	1
3020	0
3021	1
3022	0
3023	0
3024	1
3025	1
3026	0
3027	1
3028	1
3029	1
3030	1
3031	1
3032	1
3033	1
3034	1
3035	1
3036	1
3037	1
3038	1
3039	0
3040	0
3041	0
3042	1
3043	0
3044	0
3045	0
3046	1
3047	1
3048	1
3049	1
3050	1
3051	1
3052	1
3053	1
3054	1
3055	1
3056	1
3057	0
3058	1
3059	0
3060	1
3061	1
3062	1
3063	1
3064	1
3065	0
3066	1
3067	1
3068	0
3069	1
3070	1
3071	1
3072	1
3073	1
3074	0
3075	1
3076	1
3077	1
3078	0
3079	1
3080	1
3081	0
3082	0
3083	0
3084	1
3085	1
3086	1
3087	1
3088	0
3089	0
3090	1
3091	1
3092	1
3093	1
3094	0
3095	1
3096	0
3097	0
3098	0
3099	1
3100	0
3101	0
3102	1
3103	1
3104	1
3105	1
3106	1
3107	1
3108	1
3109	1
3110	1
3111	1
3112	1
3113	1
3114	1
3115	1
3116	1
3117	1
3118	1
3119	1
3120	1
3121	0
3122	0
3123	0
3124	1
3125	1
3126	0
3127	0
3128	1
3129	0
3130	1
3131	1
3132	0
3133	1
3134	1
3135	1
3136	1
3137	1
3138	0
3139	1
3140	1
3141	1
3142	0
3143	1
3144	0
3145	1
3146	1
3147	1
3148	1
3149	1
3150	1
3151	1
3152	1
3153	1
3154	1
3155	1
3156	0
3157	1
3158	0
3159	1
3160	1
3161	1
3162	1
3163	1
3164	1
3165	0
3166	0
3167	0
3168	1
3169	1
3170	1
3171	1
3172	0
3173	1
3174	1
3175	1
3176	1
3177	0
3178	1
3179	0
3180	1
3181	1
3182	1
3183	1
3184	1
3185	1
3186	1
3187	1
3188	1
3189	1
3190	0
3191	0
3192	1
3193	1
3194	0
3195	0
3196	1
3197	0
3198	1
3199	0
3200	0
3201	1
3202	1
3203	1
3204	0
3205	1
3206	1
3207	1
3208	0
3209	1
3210	1
3211	1
3212	1
3213	1
3214	1
3215	1
3216	0
3217	1
3218	1
3219	1
3220	1
3221	0
3222	0
3223	1
3224	1
3225	1
3226	1
3227	1
3228	1
3229	1
3230	1
3231	0
3232	0
3233	1
3234	0
3235	1
3236	0
3237	1
3238	1
3239	0
3240	1
3241	1
3242	0
3243	1
3244	0
3245	1
3246	0
3247	0
3248	1
3249	1
3250	1
3251	1
3252	1
3253	1
3254	1
3255	1
3256	1
3257	1
3258	1
3259	1
3260	0
3261	1
3262	1
3263	0
3264	1
3265	1
3266	1
3267	1
3268	0
3269	0
3270	0
3271	0
3272	0
3273	1
3274	0
3275	1
3276	1
3277	1
3278	1
3279	0
3280	1
3281	0
3282	0
3283	0
3284	0
3285	0
3286	0
3287	0
3288	0
3289	0
3290	1
3291	0
3292	0
3293	0
3294	1
3295	1
3296	0
3297	0
3298	1
3299	0
3300	1
3301	1
3302	1
3303	1
3304	1
3305	0
3306	1
3307	1
3308	1
3309	0
3310	1
3311	1
3312	0
3313	1
3314	0
3315	0
3316	1
3317	1
3318	1
3319	0
3320	0
3321	1
3322	1
3323	1
3324	1
3325	0
3326	0
3327	1
3328	0
3329	0
3330	1
3331	0
3332	0
3333	1
3334	0
3335	1
3336	0
3337	1
3338	0
3339	0
3340	0
3341	0
3342	0
3343	0
3344	0
3345	0
3346	0
3347	0
3348	0
3349	0
3350	0
3351	1
3352	1
3353	1
3354	1
3355	1
3356	1
3357	1
3358	0
3359	0
3360	1
3361	0
3362	0
3363	1
3364	1
3365	1
3366	0
3367	1
3368	0
3369	0
3370	0
3371	0
3372	1
3373	1
3374	1
3375	1
3376	1
3377	0
3378	1
3379	0
3380	0
3381	0
3382	0
3383	0
3384	0
3385	0
3386	0
3387	0
3388	0
3389	0
3390	0
3391	0
3392	0
3393	1
3394	0
3395	0
3396	1
3397	0
3398	1
3399	1
3400	1
3401	1
3402	1
3403	1
3404	1
3405	1
3406	1
3407	1
3408	1
3409	0
3410	1
3411	1
3412	1
3413	1
3414	1
3415	1
3416	1
3417	0
3418	1
3419	1
3420	1
3421	1
3422	1
3423	1
3424	0
3425	1
3426	1
3427	1
3428	1
3429	1
3430	0
3431	0
3432	1
3433	1
3434	0
3435	1
3436	1
3437	1
3438	1
3439	1
3440	1
3441	1
3442	0
3443	1
3444	0
3445	0
3446	1
3447	1
3448	1
3449	0
3450	1
3451	0
3452	0
3453	1
3454	1
3455	1
3456	0
3457	1
3458	1
3459	1
3460	0
3461	1
3462	0
3463	0
3464	0
3465	0
3466	0
3467	1
3468	0
3469	0
3470	0
3471	0
3472	1
3473	0
3474	0
3475	0
3476	0
3477	0
3478	1
3479	0
3480	0
3481	0
3482	0
3483	0
3484	0
3485	0
3486	0
3487	1
3488	1
3489	1
3490	1
3491	1
3492	0
3493	1
3494	0
3495	1
3496	0
3497	0
3498	0
3499	0
3500	1
3501	0
3502	0
3503	0
3504	1
3505	1
3506	1
3507	1
3508	0
3509	1
3510	1
3511	0
3512	0
3513	1
3514	0
3515	0
3516	1
3517	0
3518	1
3519	0
3520	0
3521	0
3522	0
3523	0
3524	0
3525	0
3526	0
3527	0
3528	0
3529	0
3530	0
3531	0
3532	0
3533	0
3534	0
3535	0
3536	0
3537	0
3538	0
3539	0
3540	0
3541	0
3542	0
3543	0
3544	0
3545	0
3546	0
3547	0
3548	1
3549	0
3550	0
3551	0
3552	0
3553	0
3554	0
3555	1
3556	0
3557	0
3558	0
3559	0
3560	0
3561	0
3562	0
3563	0
3564	0
3565	1
3566	0
3567	0
3568	0
3569	0
3570	0
3571	1
3572	1
3573	0
3574	1
3575	0
3576	0
3577	0
3578	1
3579	1
3580	0
3581	0
3582	1
3583	0
3584	0
3585	0
3586	1
3587	0
3588	0
3589	0
3590	0
3591	0
3592	1
3593	0
3594	0
3595	1
3596	1
3597	1
3598	0
3599	0
3600	1
3601	0
3602	0
3603	0
3604	0
3605	0
3606	0
3607	0
3608	0
3609	0
3610	0
3611	0
3612	0
3613	0
3614	0
3615	0
3616	0
3617	0
3618	0
3619	0
3620	0
3621	0
3622	0
3623	0
3624	0
3625	1
3626	0
3627	0
3628	0
3629	0
3630	0
3631	0
3632	0
3633	0
3634	0
3635	0
3636	0
3637	0
3638	0
3639	0
3640	0
3641	0
3642	0
3643	0
3644	0
3645	0
3646	0
3647	0
3648	0
3649	0
3650	0
3651	0
3652	0
3653	0
3654	0
3655	0
3656	0
3657	0
3658	0
3659	0
3660	0
3661	1
3662	0
3663	0
3664	0
3665	0
3666	1
3667	0
3668	1
3669	0
3670	0
3671	0
3672	0
3673	0
3674	0
3675	0
3676	0
3677	0
3678	0
3679	0
3680	0
3681	0
3682	0
3683	0
3684	0
3685	0
3686	0
3687	0
3688	0
3689	0
3690	1
3691	0
3692	0
3693	0
3694	0
3695	0
3696	0
3697	0
3698	0
3699	0
3700	0
3701	0
3702	1
3703	0
3704	0
3705	0
3706	0
3707	0
3708	0
3709	0
3710	0
3711	0
3712	0
3713	0
3714	0
3715	0
3716	0
3717	0
3718	0
3719	0
3720	0
3721	0
3722	0
3723	0
3724	0
3725	0
3726	0
3727	0
3728	0
3729	0
3730	0
3731	0
3732	0
3733	0
3734	0
3735	0
3736	0
3737	0
3738	0
3739	0
3740	0
3741	0
3742	0
3743	0
3744	0
3745	0
3746	0
3747	0
3748	0
3749	0
3750	0
3751	0
3752	0
3753	0
3754	0
3755	0
3756	0
3757	0
3758	0
3759	0
3760	0
3761	0
3762	0
3763	0
3764	1
3765	1
3766	0
3767	0
3768	1
3769	0
3770	1
3771	0
3772	1
3773	0
3774	0
3775	0
3776	0
3777	0
3778	0
3779	0
3780	0
3781	0
3782	1
3783	1
3784	1
3785	0
3786	0
3787	0
3788	0
3789	0
3790	0
3791	0
3792	0
3793	0
3794	1
3795	1
3796	0
3797	1
3798	0
3799	0
3800	0
3801	0
3802	0
3803	0
3804	0
3805	0
3806	0
3807	0
3808	0
3809	0
3810	0
3811	0
3812	0
3813	0
3814	1
3815	0
3816	0
3817	0
3818	0
3819	0
3820	1
3821	0
3822	0
3823	0
3824	0
3825	0
3826	0
3827	0
3828	0
3829	0
3830	0
3831	0
3832	0
3833	0
3834	0
3835	0
3836	0
3837	0
3838	0
3839	0
3840	0
3841	0
3842	0
3843	0
3844	0
3845	0
3846	0
3847	0
3848	0
3849	0
3850	0
3851	0
3852	0
3853	0
3854	0
3855	0
3856	0
3857	0
3858	0
3859	0
3860	0
3861	0
3862	1
3863	0
3864	0
3865	0
3866	0
3867	0
3868	0
3869	0
3870	0
3871	0
3872	0
3873	0
3874	0
3875	0
3876	0
3877	0
3878	0
3879	0
3880	0
3881	0
3882	0
3883	0
3884	0
3885	0
3886	0
3887	0
3888	0
3889	0
3890	0
3891	0
3892	0
3893	1
3894	0
3895	0
3896	0
3897	0
3898	0
3899	0
3900	0
3901	0
3902	0
3903	0
3904	0
3905	0
3906	0
3907	0
3908	0
3909	0
3910	0
3911	0
3912	0
3913	0
3914	0
3915	0
3916	0
3917	1
3918	0
3919	0
3920	0
3921	0
3922	0
3923	0
3924	0
3925	0
3926	0
3927	0
3928	0
3929	0
3930	0
3931	0
3932	0
3933	0
3934	0
3935	0
3936	0
3937	0
3938	0
3939	0
3940	0
3941	0
3942	0
3943	0
3944	0
3945	0
3946	0
3947	0
3948	0
3949	0
3950	0
3951	0
3952	0
3953	0
3954	0
3955	0
3956	0
3957	0
3958	0
3959	0
3960	0
3961	0
3962	0
3963	0
3964	0
3965	0
3966	0
3967	0
3968	0
3969	0
3970	0
3971	0
3972	0
3973	0
3974	0
3975	0
3976	0
3977	0
3978	0
3979	0
3980	0
3981	0
3982	0
3983	0
3984	1
3985	1
3986	1
3987	0
3988	1
3989	1
3990	0
3991	0
3992	1
3993	0
3994	0
3995	0
3996	0
3997	0
3998	0
3999	1
4000	1
4001	0
4002	1
4003	0
4004	0
4005	0
4006	1
4007	0
4008	0
4009	0
4010	1
4011	0
4012	1
4013	1
4014	0
4015	0
4016	1
4017	0
4018	1
4019	0
4020	0
4021	1
4022	0
4023	0
4024	0
4025	0
4026	0
4027	0
4028	0
4029	1
4030	1
4031	1
4032	1
4033	0
4034	1
4035	0
4036	0
4037	1
4038	0
4039	1
4040	1
4041	0
4042	0
4043	0
4044	0
4045	1
4046	1
4047	0
4048	0
4049	1
4050	0
4051	1
4052	1
4053	1
4054	1
4055	0
4056	0
4057	0
4058	0
4059	1
4060	0
4061	1
4062	0
4063	0
4064	0
4065	0
4066	0
4067	0
4068	0
4069	0
4070	0
4071	0
4072	0
4073	0
4074	0
4075	1
4076	0
4077	0
4078	1
4079	0
4080	0
4081	1
4082	0
4083	0
4084	1
4085	1
4086	1
4087	0
4088	1
4089	0
4090	0
4091	0
4092	1
4093	0
4094	1
4095	0
4096	1
4097	0
4098	0
4099	0
4100	1
4101	1
4102	1
4103	1
4104	1
4105	1
4106	1
4107	1
4108	1
4109	1
4110	1
4111	0
4112	1
4113	1
4114	0
4115	1
4116	0
4117	1
4118	1
4119	1
4120	1
4121	1
4122	1
4123	1
4124	1
4125	0
4126	1
4127	1
4128	1
4129	1
4130	0
4131	1
4132	1
4133	0
4134	1
4135	1
4136	1
4137	1
4138	1
4139	1
4140	0
4141	0
4142	1
4143	0
4144	0
4145	1
4146	1
4147	0
4148	0
4149	1
4150	0
4151	1
4152	1
4153	1
4154	1
4155	1
4156	1
4157	1
4158	1
4159	1
4160	0
4161	0
4162	0
4163	0
4164	1
4165	1
4166	1
4167	0
4168	1
4169	1
4170	1
4171	0
4172	0
4173	0
4174	1
4175	0
4176	1
4177	0
4178	0
4179	1
4180	1
4181	1
4182	0
4183	1
4184	0
4185	0
4186	1
4187	1
4188	1
4189	1
4190	1
4191	0
4192	1
4193	0
4194	1
4195	0
4196	1
4197	0
4198	1
4199	0
4200	1
4201	0
4202	1
4203	1
4204	1
4205	1
4206	0
4207	0
4208	0
4209	0
4210	0
4211	1
4212	1
4213	1
4214	1
4215	1
4216	1
4217	0
4218	0
4219	0
4220	0
4221	0
4222	0
4223	1
4224	1
4225	1
4226	0
4227	0
4228	1
4229	1
4230	1
4231	1
4232	1
4233	1
4234	0
4235	1
4236	0
4237	1
4238	1
4239	0
4240	1
4241	1
4242	0
4243	0
4244	1
4245	0
4246	0
4247	1
4248	1
4249	0
4250	1
4251	1
4252	0
4253	1
4254	1
4255	0
4256	0
4257	1
4258	0
4259	0
4260	1
4261	1
4262	1
4263	0
4264	0
4265	1
4266	1
4267	0
4268	1
4269	0
4270	0
4271	0
4272	1
4273	1
4274	0
4275	1
4276	1
4277	0
4278	1
4279	0
4280	0
4281	1
4282	0
4283	1
4284	0
4285	1
4286	0
4287	1
4288	0
4289	1
4290	1
4291	0
4292	1
4293	0
4294	1
4295	1
4296	0
4297	1
4298	1
4299	0
4300	1
4301	1
4302	0
4303	0
4304	1
4305	1
4306	1
4307	1
4308	1
4309	0
4310	1
4311	1
4312	1
4313	1
4314	1
4315	1
4316	0
4317	0
4318	1
4319	0
4320	1
4321	0
4322	1
4323	0
4324	0
4325	0
4326	0
4327	0
4328	0
4329	0
4330	0
4331	0
4332	1
4333	0
4334	0
4335	1
4336	0
4337	0
4338	0
4339	0
4340	0
4341	0
4342	0
4343	1
4344	0
4345	0
4346	0
4347	1
4348	1
4349	0
4350	1
4351	1
4352	0
4353	0
4354	0
4355	1
4356	0
4357	0
4358	0
4359	1
4360	1
4361	1
4362	1
4363	1
4364	1
4365	1
4366	1
4367	0
4368	1
4369	1
4370	0
4371	1
4372	1
4373	1
4374	0
4375	0
4376	1
4377	0
4378	1
4379	0
4380	0
4381	0
4382	1
4383	1
4384	1
4385	1
4386	1
4387	1
4388	1
4389	1
4390	1
4391	1
4392	1
4393	0
4394	0
4395	0
4396	0
4397	0
4398	0
4399	0
4400	1
4401	0
4402	0
4403	1
4404	1
4405	1
4406	1
4407	1
4408	0
4409	0
4410	0
4411	0
4412	0
4413	0
4414	1
4415	0
4416	0
4417	1
4418	0
4419	0
4420	1
4421	0
4422	0
4423	0
4424	0
4425	1
4426	0
4427	0
4428	1
4429	0
4430	1
4431	0
4432	0
4433	0
4434	0
4435	1
4436	0
4437	0
4438	0
4439	1
4440	0
4441	1
4442	1
4443	0
4444	1
4445	0
4446	1
4447	0
4448	1
4449	0
4450	1
4451	1
4452	0
4453	0
4454	0
4455	0
4456	0
4457	0
4458	0
4459	1
4460	0
4461	0
4462	0
4463	1
4464	0
4465	0
4466	0
4467	0
4468	0
4469	0
4470	0
4471	0
4472	0
4473	0
4474	0
4475	0
4476	0
4477	0
4478	0
4479	0
4480	0
4481	0
4482	0
4483	0
4484	0
4485	0
4486	0
4487	0
4488	0
4489	0
4490	1
4491	0
4492	0
4493	0
4494	0
4495	0
4496	0
4497	0
4498	0
4499	1
4500	0
4501	0
4502	0
4503	1
4504	0
4505	0
4506	0
4507	0
4508	0
4509	0
4510	0
4511	0
4512	0
4513	0
4514	0
4515	1
4516	0
4517	0
4518	0
4519	1
4520	1
4521	0
4522	0
4523	0
4524	1
4525	0
4526	0
4527	1
4528	0
4529	1
4530	1
4531	1
4532	0
4533	1
4534	1
4535	0
4536	1
4537	0
4538	1
4539	0
4540	0
4541	1
4542	1
4543	0
4544	1
4545	0
4546	1
4547	0
4548	1
4549	0
4550	1
4551	0
4552	0
4553	0
4554	0
4555	0
4556	0
4557	0
4558	0
4559	0
4560	0
4561	0
4562	1
4563	0
4564	1
4565	0
4566	1
4567	1
4568	1
4569	0
4570	0
4571	0
4572	0
4573	0
4574	1
4575	0
4576	0
4577	0
4578	0
4579	0
4580	0
4581	0
4582	1
4583	0
4584	0
4585	0
4586	0
4587	0
4588	1
4589	1
4590	0
4591	1
4592	1
4593	1
4594	1
4595	0
4596	0
4597	0
4598	0
4599	0
4600	0
4601	0
4602	0
4603	0
4604	0
4605	0
4606	0
4607	0
4608	1
4609	0
4610	0
4611	1
4612	0
4613	1
4614	1
4615	1
4616	1
4617	0
4618	1
4619	0
4620	0
4621	0
4622	0
4623	0
4624	1
4625	1
4626	0
4627	1
4628	0
4629	1
4630	0
4631	0
4632	1
4633	1
4634	0
4635	1
4636	1
4637	1
4638	0
4639	0
4640	0
4641	1
4642	1
4643	1
4644	1
4645	1
4646	0
4647	1
4648	1
4649	1
4650	1
4651	0
4652	1
4653	1
4654	0
4655	0
4656	0
4657	0
4658	0
4659	1
4660	1
4661	0
4662	1
4663	0
4664	0
4665	0
4666	0
4667	1
4668	0
4669	1
4670	0
4671	1
4672	0
4673	1
4674	0
4675	1
4676	0
4677	0
4678	1
4679	1
4680	0
4681	0
4682	1
4683	1
4684	1
4685	0
4686	1
4687	0
4688	1
4689	1
4690	0
4691	1
4692	1
4693	1
4694	1
4695	1
4696	0
4697	1
4698	1
4699	0
4700	1
4701	1
4702	0
4703	1
4704	1
4705	0
4706	0
4707	1
4708	1
4709	1
4710	1
4711	1
4712	1
4713	0
4714	0
4715	0
4716	1
4717	1
4718	0
4719	1
4720	1
4721	1
4722	1
4723	1
4724	1
4725	0
4726	0
4727	0
4728	1
4729	1
4730	0
4731	1
4732	1
4733	0
4734	1
4735	1
4736	0
4737	1
4738	1
4739	0
4740	1
4741	1
4742	0
4743	0
4744	1
4745	0
4746	1
4747	1
4748	1
4749	0
4750	1
4751	1
4752	1
4753	1
4754	1
4755	0
4756	1
4757	1
4758	1
4759	1
4760	0
4761	1
4762	0
4763	0
4764	1
4765	1
4766	1
4767	1
4768	1
4769	1
4770	1
4771	0
4772	1
4773	1
4774	0
4775	0
4776	0
4777	0
4778	1
4779	1
4780	1
4781	0
4782	1
4783	0
4784	0
4785	1
4786	0
4787	0
4788	0
4789	0
4790	0
4791	1
4792	0
4793	1
4794	0
4795	1
4796	0
4797	0
4798	1
4799	0
4800	0
4801	0
4802	1
4803	0
4804	0
4805	0
4806	1
4807	1
4808	0
4809	0
4810	0
4811	0
4812	0
4813	0
4814	0
4815	0
4816	1
4817	0
4818	0
4819	0
4820	0
4821	0
4822	1
4823	1
4824	0
4825	1
4826	0
4827	1
4828	1
4829	0
4830	0
4831	1
4832	0
4833	1
4834	0
4835	0
4836	0
4837	0
4838	0
4839	0
4840	0
4841	0
4842	0
4843	0
4844	0
4845	0
4846	0
4847	0
4848	0
4849	1
4850	0
4851	0
4852	1
4853	0
4854	0
4855	0
4856	0
4857	1
4858	1
4859	1
4860	1
4861	1
4862	0
4863	0
4864	1
4865	0
4866	0
4867	1
4868	0
4869	0
4870	0
4871	0
4872	0
4873	0
4874	0
4875	0
4876	0
4877	0
4878	1
4879	1
4880	0
4881	0
4882	0
4883	0
4884	0
4885	0
4886	0
4887	0
4888	0
4889	0
4890	0
4891	0
4892	0
4893	0
4894	0
4895	0
4896	0
4897	0
4898	0
4899	0
4900	0
4901	0
4902	0
4903	0
4904	0
4905	0
4906	0
4907	1
4908	0
4909	0
4910	0
4911	0
4912	1
4913	1
4914	0
4915	0
4916	0
4917	1
4918	0
4919	0
4920	0
4921	0
4922	0
4923	0
4924	0
4925	1
4926	1
4927	0
4928	0
4929	0
4930	0
4931	0
4932	0
4933	0
4934	0
4935	1
4936	1
4937	0
4938	0
4939	0
4940	0
4941	0
4942	0
4943	0
4944	0
4945	0
4946	1
4947	0
4948	0
4949	0
4950	0
4951	1
4952	0
4953	0
4954	0
4955	0
4956	1
4957	0
4958	0
4959	0
4960	0
4961	0
4962	0
4963	0
4964	0
4965	0
4966	0
4967	0
4968	0
4969	0
4970	1
4971	0
4972	0
4973	0
4974	0
4975	0
4976	0
4977	0
4978	0
4979	0
4980	0
4981	1
4982	0
4983	1
4984	1
4985	0
4986	1
4987	1
4988	0
4989	1
4990	0
4991	1
4992	1
4993	0
4994	1
4995	0
4996	0
4997	0
4998	1
4999	1
5000	0
5001	1
5002	0
5003	0
5004	0
5005	0
5006	0
5007	1
5008	1
5009	1
5010	1
5011	0
5012	0
5013	0
5014	1
5015	0
5016	0
5017	1
5018	1
5019	0
5020	0
5021	1
5022	1
5023	0
5024	1
5025	1
5026	0
5027	0
5028	0
5029	1
5030	1
5031	1
5032	1
5033	1
5034	0
5035	1
5036	1
5037	0
5038	0
5039	0
5040	1
5041	1
5042	0
5043	1
5044	0
5045	1
5046	0
5047	0
5048	0
5049	0
5050	0
5051	1
5052	0
5053	0
5054	0
5055	0
5056	0
5057	0
5058	0
5059	0
5060	0
5061	0
5062	0
5063	0
5064	0
5065	0
5066	0
5067	0
5068	0
5069	0
5070	1
5071	1
5072	0
5073	0
5074	0
5075	0
5076	0
5077	0
5078	0
5079	1
5080	0
5081	0
5082	0
5083	0
5084	1
5085	0
5086	0
5087	0
5088	0
5089	0
5090	0
5091	0
5092	1
5093	1
5094	0
5095	1
5096	0
5097	0
5098	0
5099	0
5100	1
5101	0
5102	0
5103	0
5104	0
5105	0
5106	0
5107	0
5108	0
5109	0
5110	0
5111	1
5112	0
5113	0
5114	0
5115	0
5116	0
5117	0
5118	0
5119	0
5120	0
5121	0
5122	0
5123	0
5124	0
5125	1
5126	1
5127	0
5128	0
5129	0
5130	0
5131	0
5132	0
5133	0
5134	1
5135	0
5136	0
5137	1
5138	1
5139	0
5140	0
5141	0
5142	0
5143	0
5144	0
5145	1
5146	0
5147	1
5148	1
5149	1
5150	0
5151	0
5152	0
5153	0
5154	0
5155	0
5156	1
5157	0
5158	0
5159	1
5160	0
5161	1
5162	0
5163	0
5164	0
5165	1
5166	1
5167	0
5168	0
5169	0
5170	0
5171	0
5172	1
5173	0
5174	1
5175	0
5176	0
5177	0
5178	0
5179	0
5180	1
5181	0
5182	1
5183	0
5184	0
5185	0
5186	0
5187	1
5188	1
5189	0
5190	0
5191	0
5192	0
5193	1
5194	1
5195	1
5196	0
5197	1
5198	0
5199	1
5200	1
5201	0
5202	0
5203	0
5204	0
5205	0
5206	0
5207	0
5208	1
5209	0
5210	1
5211	0
5212	1
5213	1
5214	1
5215	1
5216	1
5217	1
5218	1
5219	1
5220	0
5221	1
5222	0
5223	0
5224	0
5225	0
5226	1
5227	1
5228	1
5229	0
5230	1
5231	0
5232	0
5233	0
5234	1
5235	1
5236	1
5237	1
5238	1
5239	0
5240	1
5241	1
5242	0
5243	1
5244	0
5245	0
5246	0
5247	0
5248	0
5249	0
5250	0
5251	0
5252	1
5253	1
5254	1
5255	1
5256	0
5257	0
5258	0
5259	1
5260	0
5261	0
5262	0
5263	0
5264	1
5265	0
5266	1
5267	1
5268	0
5269	0
5270	1
5271	1
5272	0
5273	1
5274	1
5275	0
5276	0
5277	0
5278	0
5279	1
5280	1
5281	0
5282	0
5283	0
5284	0
5285	0
5286	0
5287	0
5288	0
5289	0
5290	0
5291	0
5292	0
5293	0
5294	0
5295	1
5296	0
5297	0
5298	1
5299	0
5300	1
5301	0
5302	0
5303	0
5304	0
5305	0
5306	0
5307	1
5308	1
5309	0
5310	1
5311	1
5312	0
5313	1
5314	1
5315	0
5316	1
5317	0
5318	1
5319	1
5320	1
5321	1
5322	1
5323	1
5324	0
5325	1
5326	0
5327	0
5328	0
5329	0
5330	0
5331	0
5332	0
5333	1
5334	0
5335	0
5336	0
5337	1
5338	0
5339	0
5340	0
5341	0
5342	1
5343	0
5344	1
5345	0
5346	0
5347	0
5348	0
5349	0
5350	0
5351	0
5352	0
5353	0
5354	0
5355	0
5356	0
5357	0
5358	1
5359	1
5360	0
5361	0
5362	0
5363	0
5364	0
5365	0
5366	0
5367	0
5368	0
5369	0
5370	0
5371	0
5372	0
5373	0
5374	1
5375	0
5376	0
5377	1
5378	0
5379	0
5380	1
5381	0
5382	0
5383	0
5384	1
5385	0
5386	1
5387	0
5388	0
5389	0
5390	1
5391	1
5392	1
5393	0
5394	0
5395	0
5396	0
5397	1
5398	0
5399	0
5400	0
5401	0
5402	0
5403	0
5404	1
5405	0
5406	1
5407	0
5408	0
5409	1
5410	0
5411	0
5412	0
5413	1
5414	1
5415	1
5416	1
5417	0
5418	1
5419	0
5420	0
5421	1
5422	0
5423	1
5424	0
5425	0
5426	0
5427	0
5428	0
5429	0
5430	0
5431	0
5432	0
5433	0
5434	0
5435	0
5436	0
5437	0
5438	0
5439	0
5440	0
5441	0
5442	0
5443	0
5444	0
5445	0
5446	0
5447	1
5448	0
5449	0
5450	0
5451	0
5452	0
5453	0
5454	0
5455	0
5456	0
5457	0
5458	0
5459	0
5460	0
5461	1
5462	0
5463	0
5464	0
5465	0
5466	0
5467	0
5468	1
5469	0
5470	0
5471	0
5472	0
5473	0
5474	0
5475	0
5476	0
5477	0
5478	0
5479	1
5480	0
5481	0
5482	0
5483	0
5484	0
5485	0
5486	1
5487	0
5488	1
5489	0
5490	1
5491	1
5492	0
5493	0
5494	0
5495	1
5496	0
5497	0
5498	0
5499	0
5500	0
5501	0
5502	0
5503	1
5504	0
5505	0
5506	0
5507	0
5508	1
5509	0
5510	0
5511	0
5512	1
5513	0
5514	1
5515	0
5516	0
5517	1
5518	0
5519	1
5520	0
5521	0
5522	0
5523	0
5524	0
5525	1
5526	1
5527	0
5528	0
5529	0
5530	0
5531	1
5532	0
5533	1
5534	0
5535	0
5536	0
5537	0
5538	1
5539	0
5540	0
5541	1
5542	0
5543	0
5544	0
5545	0
5546	0
5547	0
5548	0
5549	0
5550	0
5551	0
5552	0
5553	0
5554	0
5555	0
5556	0
5557	0
5558	0
5559	0
5560	0
5561	0
5562	0
5563	0
5564	0
5565	0
5566	0
5567	0
5568	0
5569	1
5570	0
5571	0
5572	0
5573	0
5574	0
5575	0
5576	0
5577	0
5578	0
5579	0
5580	0
5581	0
5582	0
5583	0
5584	0
5585	0
5586	0
5587	0
5588	0
5589	1
5590	0
5591	0
5592	0
5593	0
5594	0
5595	1
5596	0
5597	0
5598	0
5599	0
5600	0
5601	0
5602	0
5603	0
5604	0
5605	0
5606	0
5607	0
5608	0
5609	0
5610	0
5611	0
5612	0
5613	0
5614	0
5615	0
5616	0
5617	0
5618	0
5619	0
5620	1
5621	0
5622	0
5623	0
5624	0
5625	0
5626	0
5627	0
5628	0
5629	0
5630	0
5631	0
5632	0
5633	0
5634	0
5635	0
5636	0
5637	0
5638	0
5639	1
5640	0
5641	1
5642	1
5643	0
5644	0
5645	1
5646	0
5647	0
5648	0
5649	0
5650	0
5651	0
5652	0
5653	0
5654	0
5655	0
5656	1
5657	1
5658	0
5659	1
5660	0
5661	1
5662	0
5663	0
5664	1
5665	1
5666	0
5667	0
5668	0
5669	1
5670	1
5671	0
5672	0
5673	1
5674	0
5675	1
5676	0
5677	0
5678	0
5679	0
5680	0
5681	1
5682	1
5683	1
5684	0
5685	1
5686	0
5687	0
5688	0
5689	0
5690	0
5691	0
5692	0
5693	1
5694	1
5695	1
5696	0
5697	0
5698	0
5699	0
5700	0
5701	0
5702	0
5703	0
5704	0
5705	0
5706	0
5707	0
5708	1
5709	0
5710	1
5711	0
5712	1
5713	0
5714	0
5715	0
5716	0
5717	0
5718	0
5719	0
5720	0
5721	0
5722	0
5723	0
5724	0
5725	0
5726	0
5727	0
5728	0
5729	0
5730	0
5731	0
5732	0
5733	1
5734	0
5735	0
5736	0
5737	1
5738	0
5739	0
5740	0
5741	0
5742	0
5743	0
5744	0
5745	0
5746	1
5747	0
5748	0
5749	0
5750	0
5751	0
5752	0
5753	1
5754	1
5755	0
5756	0
5757	0
5758	1
5759	0
5760	0
5761	0
5762	0
5763	0
5764	0
5765	0
5766	0
5767	0
5768	1
5769	0
5770	0
5771	0
5772	0
5773	0
5774	0
5775	0
5776	0
5777	0
5778	0
5779	0
5780	0
5781	0
5782	0
5783	0
5784	0
5785	0
5786	1
5787	0
5788	1
5789	1
5790	0
5791	1
5792	1
5793	0
5794	1
5795	1
5796	0
5797	1
5798	1
5799	0
5800	0
5801	0
5802	0
5803	1
5804	0
5805	1
5806	0
5807	0
5808	0
5809	0
5810	0
5811	0
5812	0
5813	0
5814	1
5815	1
5816	0
5817	0
5818	1
5819	0
5820	0
5821	1
5822	1
5823	1
5824	1
5825	1
5826	1
5827	0
5828	0
5829	0
5830	0
5831	1
5832	1
5833	1
5834	0
5835	0
5836	1
5837	1
5838	0
5839	1
5840	1
5841	0
5842	0
5843	1
5844	0
5845	0
5846	1
5847	0
5848	0
5849	0
5850	1
5851	1
5852	0
5853	1
5854	1
5855	0
5856	1
5857	1
5858	1
5859	1
5860	1
5861	0
5862	1
5863	0
5864	0
5865	0
5866	0
5867	0
5868	0
5869	1
5870	1
5871	1
5872	1
5873	0
5874	1
5875	0
5876	1
5877	0
5878	0
5879	0
5880	0
5881	0
5882	0
5883	0
5884	1
5885	1
5886	0
5887	1
5888	0
5889	0
5890	0
5891	1
5892	0
5893	0
5894	1
5895	0
5896	1
5897	1
5898	1
5899	1
5900	0
5901	0
5902	1
5903	1
5904	1
5905	1
5906	0
5907	0
5908	1
5909	0
5910	0
5911	0
5912	0
5913	1
5914	0
5915	0
5916	0
5917	1
5918	0
5919	0
5920	1
5921	0
5922	0
5923	1
5924	0
5925	0
5926	1
5927	1
5928	1
5929	1
5930	1
5931	1
5932	0
5933	0
5934	1
5935	0
5936	1
5937	1
5938	1
5939	0
5940	1
5941	0
5942	1
5943	0
5944	0
5945	0
5946	0
5947	1
5948	0
5949	0
5950	0
5951	1
5952	1
5953	1
5954	1
5955	0
5956	1
5957	0
5958	1
5959	0
5960	0
5961	0
5962	0
5963	0
5964	0
5965	0
5966	0
5967	0
5968	0
5969	0
5970	1
5971	1
5972	1
5973	0
5974	0
5975	0
5976	0
5977	0
5978	0
5979	0
5980	0
5981	0
5982	0
5983	0
5984	0
5985	1
5986	1
5987	1
5988	1
5989	1
5990	1
5991	0
5992	0
5993	1
5994	0
5995	0
5996	0
5997	0
5998	1
5999	0
6000	1
6001	0
6002	1
6003	0
6004	0
6005	1
6006	1
6007	1
6008	0
6009	0
6010	0
6011	0
6012	0
6013	0
6014	1
6015	0
6016	0
6017	0
6018	0
6019	1
6020	0
6021	1
6022	0
6023	0
6024	1
6025	0
6026	0
6027	1
6028	0
6029	0
6030	0
6031	0
6032	0
6033	0
6034	1
6035	0
6036	0
6037	0
6038	0
6039	0
6040	1
6041	0
6042	0
6043	0
6044	0
6045	1
6046	0
6047	1
6048	0
6049	0
6050	0
6051	0
6052	0
6053	0
6054	0
6055	0
6056	0
6057	0
6058	0
6059	0
6060	0
6061	0
6062	0
6063	0
6064	0
6065	0
6066	0
6067	0
6068	1
6069	0
6070	0
6071	0
6072	0
6073	1
6074	0
6075	0
6076	0
6077	0
6078	0
6079	0
6080	0
6081	0
6082	0
6083	0
6084	0
6085	0
6086	0
6087	0
6088	0
6089	0
6090	0
6091	1
6092	0
6093	0
6094	0
6095	0
6096	1
6097	0
6098	0
6099	0
6100	0
6101	1
6102	0
6103	1
6104	1
6105	1
6106	1
6107	1
6108	1
6109	1
6110	1
6111	1
6112	0
6113	1
6114	0
6115	1
6116	0
6117	1
6118	1
6119	0
6120	0
6121	0
6122	1
6123	1
6124	0
6125	0
6126	0
6127	1
6128	0
6129	0
6130	0
6131	0
6132	1
6133	1
6134	0
6135	0
6136	0
6137	1
6138	1
6139	0
6140	0
6141	0
6142	1
6143	0
6144	1
6145	0
6146	0
6147	0
6148	0
6149	0
6150	1
6151	1
6152	0
6153	0
6154	0
6155	1
6156	1
6157	0
6158	1
6159	0
6160	0
6161	1
6162	1
6163	1
6164	0
6165	1
6166	1
6167	0
6168	1
6169	1
6170	0
6171	1
6172	0
6173	0
6174	0
6175	1
6176	0
6177	0
6178	1
6179	0
6180	1
6181	0
6182	0
6183	1
6184	1
6185	0
6186	1
6187	0
6188	0
6189	0
6190	0
6191	0
6192	0
6193	0
6194	1
6195	0
6196	0
6197	0
6198	0
6199	0
6200	0
6201	0
6202	1
6203	0
6204	1
6205	0
6206	1
6207	0
6208	0
6209	0
6210	0
6211	0
6212	0
6213	0
6214	0
6215	0
6216	0
6217	0
6218	0
6219	0
6220	1
6221	1
6222	0
6223	0
6224	0
6225	1
6226	0
6227	1
6228	0
6229	0
6230	0
6231	0
6232	1
6233	0
6234	0
6235	1
6236	0
6237	1
6238	0
6239	0
6240	1
6241	1
6242	0
6243	1
6244	0
6245	0
6246	0
6247	0
6248	1
6249	0
6250	1
6251	0
6252	0
6253	0
6254	0
6255	0
6256	0
6257	0
6258	0
6259	0
6260	0
6261	1
6262	0
6263	0
6264	0
6265	0
6266	0
6267	1
6268	0
6269	0
6270	0
6271	0
6272	0
6273	0
6274	0
6275	1
6276	0
6277	0
6278	0
6279	1
6280	0
6281	1
6282	1
6283	1
6284	0
6285	0
6286	1
6287	1
6288	0
6289	1
6290	1
6291	1
6292	1
6293	1
6294	1
6295	1
6296	1
6297	1
6298	0
6299	1
6300	1
6301	0
6302	0
6303	1
6304	1
6305	1
6306	1
6307	0
6308	1
6309	0
6310	0
6311	1
6312	0
6313	0
6314	0
6315	0
6316	0
6317	0
6318	1
6319	0
6320	0
6321	0
6322	0
6323	0
6324	0
6325	0
6326	0
6327	1
6328	1
6329	1
6330	0
6331	1
6332	0
6333	0
6334	0
6335	0
6336	1
6337	1
6338	0
6339	1
6340	0
6341	0
6342	0
6343	0
6344	1
6345	0
6346	0
6347	0
6348	0
6349	1
6350	0
6351	0
6352	1
6353	0
6354	0
6355	0
6356	0
6357	0
6358	0
6359	0
6360	0
6361	0
6362	1
6363	1
6364	0
6365	1
6366	1
6367	1
6368	0
6369	1
6370	0
6371	0
6372	0
6373	0
6374	1
6375	0
6376	1
6377	1
6378	0
6379	0
6380	1
6381	1
6382	1
6383	1
6384	1
6385	0
6386	1
6387	0
6388	1
6389	0
6390	0
6391	0
6392	1
6393	1
6394	0
6395	1
6396	0
6397	1
6398	1
6399	1
6400	1
6401	0
6402	1
6403	1
6404	1
6405	0
6406	1
6407	0
6408	0
6409	1
6410	1
6411	0
6412	0
6413	1
6414	0
6415	0
6416	0
6417	0
6418	1
6419	0
6420	1
6421	1
6422	0
6423	0
6424	0
6425	0
6426	0
6427	1
6428	1
6429	1
6430	0
6431	0
6432	0
6433	0
6434	0
6435	0
6436	0
6437	1
6438	0
6439	0
6440	0
6441	0
6442	0
6443	0
6444	0
6445	0
6446	0
6447	0
6448	0
6449	1
6450	0
6451	0
6452	0
6453	1
6454	0
6455	0
6456	0
6457	0
6458	0
6459	0
6460	0
6461	0
6462	0
6463	0
6464	1
6465	0
6466	0
6467	0
6468	0
6469	1
6470	0
6471	0
6472	0
6473	0
6474	0
6475	0
6476	0
6477	0
6478	0
6479	0
6480	0
6481	0
6482	0
6483	0
6484	0
6485	0
6486	0
6487	0
6488	0
6489	0
6490	0
6491	0
6492	0
6493	0
6494	0
6495	0
6496	0
6497	0
6498	0
6499	0
6500	0
6501	0
6502	0
6503	0
6504	0
6505	0
6506	0
6507	0
6508	1
6509	0
6510	1
6511	0
6512	0
6513	0
6514	1
6515	1
6516	1
6517	0
6518	0
6519	0
6520	1
6521	0
6522	0
6523	0
6524	0
6525	1
6526	1
6527	0
6528	1
6529	1
6530	0
6531	1
6532	0
6533	0
6534	1
6535	0
6536	1
6537	0
6538	1
6539	1
6540	0
6541	1
6542	0
6543	0
6544	1
6545	1
6546	0
6547	0
6548	0
6549	0
6550	0
6551	1
6552	0
6553	1
6554	1
6555	0
6556	1
6557	0
6558	0
6559	0
6560	0
6561	1
6562	0
6563	0
6564	0
6565	0
6566	0
6567	0
6568	0
6569	0
6570	0
6571	1
6572	0
6573	1
6574	1
6575	1
6576	0
6577	0
6578	0
6579	0
6580	0
6581	0
6582	1
6583	0
6584	1
6585	1
6586	0
6587	1
6588	0
6589	0
6590	0
6591	0
6592	1
6593	1
6594	0
6595	1
6596	0
6597	0
6598	0
6599	0
6600	0
6601	0
6602	1
6603	1
6604	0
6605	0
6606	1
6607	0
6608	1
6609	1
6610	0
6611	0
6612	0
6613	0
6614	1
6615	0
6616	0
6617	0
6618	0
6619	0
6620	0
6621	0
6622	0
6623	1
6624	1
6625	0
6626	1
6627	0
6628	1
6629	0
6630	1
6631	0
6632	1
6633	1
6634	0
6635	0
6636	0
6637	1
6638	0
6639	0
6640	0
6641	0
6642	1
6643	0
6644	0
6645	0
6646	1
6647	1
6648	0
6649	1
6650	1
6651	0
6652	0
6653	0
6654	0
6655	0
6656	0
6657	0
6658	0
6659	0
6660	0
6661	0
6662	0
6663	0
6664	0
6665	0
6666	0
6667	0
6668	1
6669	0
6670	0
6671	0
6672	0
6673	0
6674	0
6675	0
6676	1
6677	0
6678	0
6679	0
6680	1
6681	0
6682	0
6683	0
6684	0
6685	1
6686	0
6687	1
6688	0
6689	0
6690	0
6691	0
6692	1
6693	0
6694	0
6695	0
6696	0
6697	0
6698	0
6699	0
6700	0
6701	0
6702	0
6703	0
6704	0
6705	0
6706	0
6707	0
6708	0
6709	1
6710	0
6711	0
6712	1
6713	1
6714	1
6715	0
6716	1
6717	0
6718	0
6719	1
6720	0
6721	1
6722	1
6723	1
6724	0
6725	0
6726	1
6727	0
6728	1
6729	0
6730	1
6731	1
6732	1
6733	1
6734	1
6735	0
6736	0
6737	1
6738	0
6739	0
6740	0
6741	0
6742	1
6743	1
6744	0
6745	0
6746	0
6747	1
6748	1
6749	0
6750	0
6751	0
6752	0
6753	0
6754	0
6755	0
6756	0
6757	0
6758	0
6759	0
6760	0
6761	0
6762	0
6763	0
6764	0
6765	0
6766	1
6767	0
6768	0
6769	0
6770	0
6771	0
6772	0
6773	0
6774	1
6775	0
6776	0
6777	0
6778	1
6779	0
6780	0
6781	0
6782	0
6783	0
6784	0
6785	1
6786	1
6787	1
6788	0
6789	0
6790	0
6791	0
6792	1
6793	0
6794	1
6795	1
6796	0
6797	1
6798	0
6799	0
6800	0
6801	0
6802	1
6803	0
6804	1
6805	1
6806	1
6807	1
6808	0
6809	1
6810	0
6811	0
6812	0
6813	0
6814	0
6815	0
6816	0
6817	0
6818	0
6819	0
6820	1
6821	0
6822	1
6823	0
6824	0
6825	0
6826	0
6827	0
6828	0
6829	0
6830	1
6831	1
6832	0
6833	1
6834	0
6835	1
6836	0
6837	1
6838	1
6839	1
6840	1
6841	1
6842	0
6843	0
6844	1
6845	0
6846	0
6847	0
6848	1
6849	0
6850	0
6851	0
6852	0
6853	0
6854	0
6855	0
6856	0
6857	1
6858	0
6859	1
6860	0
6861	0
6862	0
6863	1
6864	0
6865	1
6866	0
6867	0
6868	1
6869	0
6870	1
6871	0
6872	0
6873	1
6874	1
6875	0
6876	1
6877	1
6878	0
6879	1
6880	0
6881	0
6882	0
6883	1
6884	1
6885	1
6886	0
6887	0
6888	0
6889	0
6890	0
6891	0
6892	0
6893	0
6894	0
6895	0
6896	0
6897	0
6898	0
6899	0
6900	0
6901	0
6902	0
6903	0
6904	1
6905	0
6906	1
6907	0
6908	0
6909	0
6910	1
6911	0
6912	0
6913	0
6914	0
6915	0
6916	1
6917	0
6918	0
6919	0
6920	0
6921	1
6922	0
6923	0
6924	0
6925	0
6926	0
6927	0
6928	0
6929	1
6930	0
6931	0
6932	0
6933	0
6934	0
6935	0
6936	0
6937	0
6938	0
6939	0
6940	0
6941	1
6942	0
6943	0
6944	0
6945	1
6946	0
6947	0
6948	0
6949	0
6950	0
6951	0
6952	0
6953	0
6954	1
6955	0
6956	0
6957	0
6958	0
6959	0
6960	0
6961	0
6962	0
6963	0
6964	0
6965	0
6966	1
6967	0
6968	0
6969	0
6970	1
6971	0
6972	0
6973	0
6974	0
6975	0
6976	0
6977	0
6978	0
6979	0
6980	0
6981	0
6982	0
6983	0
6984	0
6985	0
6986	0
6987	1
6988	0
6989	0
6990	0
6991	1
6992	0
6993	0
6994	0
6995	0
6996	1
6997	0
6998	0
6999	0
7000	0
7001	0
7002	0
7003	0
7004	0
7005	1
7006	0
7007	0
7008	0
7009	0
7010	0
7011	0
7012	0
7013	0
7014	1
7015	0
7016	0
7017	0
7018	0
7019	0
7020	0
7021	0
7022	1
7023	0
7024	0
7025	0
7026	1
7027	0
7028	0
7029	0
7030	0
7031	1
7032	0
7033	0
7034	0
7035	0
7036	0
7037	0
7038	1
7039	0
7040	0
7041	0
7042	0
7043	0
7044	0
7045	0
7046	0
7047	1
7048	0
7049	0
7050	0
7051	0
7052	0
7053	0
7054	0
7055	0
7056	0
7057	0
7058	0
7059	0
7060	0
7061	0
7062	0
7063	0
7064	0
7065	0
7066	0
7067	0
7068	0
7069	0
7070	1
7071	0
7072	0
7073	0
7074	0
7075	0
7076	0
7077	0
7078	0
7079	0
7080	0
7081	0
7082	0
7083	0
7084	0
7085	1
7086	0
7087	0
7088	0
7089	1
7090	0
7091	0
7092	0
7093	0
7094	0
7095	0
7096	0
7097	0
7098	0
7099	0
7100	0
7101	0
7102	1
7103	0
7104	0
7105	0
7106	0
7107	0
7108	0
7109	0
7110	0
7111	0
7112	0
7113	0
7114	0
7115	0
7116	0
7117	0
7118	1
7119	0
7120	1
7121	1
7122	1
7123	0
7124	1
7125	1
7126	1
7127	1
7128	0
7129	1
7130	1
7131	0
7132	0
7133	0
7134	0
7135	0
7136	0
7137	0
7138	0
7139	0
7140	0
7141	1
7142	1
7143	0
7144	0
7145	0
7146	0
7147	0
7148	1
7149	0
7150	0
7151	0
7152	0
7153	0
7154	0
7155	0
7156	0
7157	0
7158	0
7159	0
7160	0
7161	0
7162	0
7163	1
7164	0
7165	0
7166	0
7167	0
7168	0
7169	0
7170	0
7171	0
7172	1
7173	1
7174	0
7175	0
7176	0
7177	0
7178	0
7179	0
7180	0
7181	0
7182	0
7183	0
7184	0
7185	0
7186	0
7187	0
7188	0
7189	0
7190	0
7191	0
7192	0
7193	0
7194	0
7195	1
7196	1
7197	1
7198	1
7199	0
7200	0
7201	0
7202	1
7203	0
7204	0
7205	1
7206	0
7207	1
7208	0
7209	0
7210	0
7211	0
7212	0
7213	0
7214	0
7215	0
7216	1
7217	1
7218	0
7219	1
7220	0
7221	0
7222	0
7223	0
7224	1
7225	0
7226	0
7227	0
7228	0
7229	0
7230	0
7231	0
7232	0
7233	0
7234	0
7235	0
7236	0
7237	0
7238	0
7239	0
7240	1
7241	1
7242	0
7243	0
7244	0
7245	0
7246	0
7247	0
7248	0
7249	0
7250	0
7251	1
7252	0
7253	0
7254	0
7255	0
7256	0
7257	1
7258	1
7259	1
7260	0
7261	0
7262	0
7263	1
7264	1
7265	0
7266	1
7267	1
7268	1
7269	0
7270	0
7271	0
7272	1
7273	1
7274	1
7275	1
7276	0
7277	0
7278	1
7279	1
7280	1
7281	0
7282	0
7283	0
7284	0
7285	0
7286	0
7287	0
7288	0
7289	1
7290	0
7291	0
7292	0
7293	0
7294	0
7295	0
7296	0
7297	0
7298	0
7299	0
7300	0
7301	0
7302	0
7303	0
7304	0
7305	0
7306	0
7307	0
7308	0
7309	0
7310	0
7311	0
7312	0
7313	1
7314	0
7315	0
7316	1
7317	1
7318	1
7319	0
7320	0
7321	0
7322	1
7323	0
7324	0
7325	0
7326	0
7327	1
7328	0
7329	0
7330	0
7331	0
7332	1
7333	0
7334	1
7335	0
7336	1
7337	0
7338	0
7339	1
7340	0
7341	0
7342	0
7343	0
7344	0
7345	0
7346	1
7347	1
7348	0
7349	0
7350	0
7351	0
7352	1
7353	1
7354	0
7355	0
7356	0
7357	1
7358	0
7359	0
7360	0
7361	0
7362	0
7363	0
7364	0
7365	0
7366	0
7367	1
7368	0
7369	0
7370	0
7371	0
7372	0
7373	0
7374	0
7375	0
7376	0
7377	0
7378	0
7379	1
7380	1
7381	0
7382	1
7383	0
7384	1
7385	0
7386	1
7387	0
7388	0
7389	0
7390	0
7391	1
7392	0
7393	0
7394	1
7395	0
7396	0
7397	0
7398	1
7399	1
7400	0
7401	0
7402	0
7403	1
7404	0
7405	1
7406	1
7407	0
7408	0
7409	0
7410	0
7411	0
7412	0
7413	1
7414	0
7415	1
7416	0
7417	1
7418	1
7419	1
7420	1
7421	0
7422	0
7423	0
7424	0
7425	0
7426	0
7427	1
7428	0
7429	0
7430	1
7431	0
7432	1
7433	1
7434	1
7435	0
7436	1
7437	1
7438	1
7439	1
7440	1
7441	0
7442	0
7443	0
7444	0
7445	1
7446	1
7447	0
7448	0
7449	0
7450	0
7451	0
7452	0
7453	0
7454	0
7455	0
7456	0
7457	1
7458	0
7459	0
7460	0
7461	1
7462	1
7463	0
7464	0
7465	0
7466	1
7467	1
7468	0
7469	0
7470	0
7471	0
7472	1
7473	1
7474	1
7475	0
7476	0
7477	0
7478	0
7479	0
7480	0
7481	0
7482	0
7483	0
7484	0
7485	1
7486	1
7487	1
7488	0
7489	0
7490	1
7491	1
7492	0
7493	0
7494	1
7495	1
7496	0
7497	0
7498	1
7499	1
7500	1
7501	1
7502	0
7503	1
7504	0
7505	1
7506	1
7507	0
7508	1
7509	1
7510	0
7511	1
7512	1
7513	1
7514	1
7515	1
7516	0
7517	0
7518	0
7519	1
7520	0
7521	1
7522	0
7523	1
7524	1
7525	0
7526	1
7527	0
7528	1
7529	1
7530	0
7531	1
7532	1
7533	0
7534	0
7535	0
7536	0
7537	1
7538	1
7539	0
7540	1
7541	1
7542	1
7543	1
7544	1
7545	1
7546	0
7547	0
7548	0
7549	1
7550	0
7551	0
7552	0
7553	0
7554	0
7555	0
7556	0
7557	0
7558	1
7559	0
7560	0
7561	0
7562	0
7563	0
7564	0
7565	0
7566	1
7567	0
7568	0
7569	0
7570	0
7571	1
7572	0
7573	0
7574	0
7575	1
7576	1
7577	0
7578	1
7579	0
7580	1
7581	0
7582	0
7583	0
7584	0
7585	0
7586	1
7587	1
7588	0
7589	1
7590	0
7591	0
7592	0
7593	0
7594	0
7595	0
7596	1
7597	0
7598	0
7599	0
7600	0
7601	1
7602	0
7603	0
7604	0
7605	0
7606	0
7607	0
7608	0
7609	0
7610	0
7611	0
7612	0
7613	0
7614	0
7615	0
7616	0
7617	0
7618	0
7619	1
7620	1
7621	1
7622	0
7623	0
7624	1
7625	0
7626	0
7627	0
7628	0
7629	0
7630	0
7631	1
7632	0
7633	0
7634	1
7635	0
7636	0
7637	0
7638	0
7639	0
7640	1
7641	1
7642	0
7643	0
7644	1
7645	1
7646	0
7647	0
7648	0
7649	1
7650	0
7651	0
7652	1
7653	0
7654	0
7655	0
7656	0
7657	0
7658	1
7659	0
7660	0
7661	0
7662	1
7663	0
7664	0
7665	1
7666	1
7667	1
7668	1
7669	0
7670	0
7671	0
7672	1
7673	1
7674	1
7675	0
7676	0
7677	0
7678	0
7679	0
7680	0
7681	1
7682	0
7683	0
7684	0
7685	1
7686	1
7687	1
7688	0
7689	0
7690	0
7691	0
7692	1
7693	0
7694	1
7695	1
7696	1
7697	1
7698	0
7699	0
7700	0
7701	0
7702	0
7703	0
7704	0
7705	1
7706	0
7707	0
7708	0
7709	1
7710	1
7711	1
7712	0
7713	0
7714	0
7715	0
7716	1
7717	0
7718	0
7719	0
7720	0
7721	1
7722	1
7723	1
7724	0
7725	1
7726	1
7727	0
7728	0
7729	0
7730	1
7731	1
7732	1
7733	0
7734	1
7735	0
7736	0
7737	0
7738	0
7739	0
7740	0
7741	0
7742	0
7743	0
7744	1
7745	0
7746	1
7747	0
7748	1
7749	1
7750	1
7751	1
7752	1
7753	1
7754	0
7755	1
7756	1
7757	1
7758	1
7759	0
7760	0
7761	0
7762	0
7763	0
7764	0
7765	0
7766	1
7767	0
7768	0
7769	0
7770	1
7771	1
7772	0
7773	0
7774	1
7775	1
7776	0
7777	1
7778	0
7779	1
7780	1
7781	1
7782	0
7783	0
7784	0
7785	0
7786	1
7787	1
7788	0
7789	0
7790	0
7791	1
7792	1
7793	0
7794	0
7795	0
7796	0
7797	0
7798	0
7799	0
7800	0
7801	0
7802	0
7803	0
7804	0
7805	1
7806	0
7807	0
7808	0
7809	0
7810	0
7811	0
7812	0
7813	0
7814	0
7815	0
7816	0
7817	1
7818	0
7819	0
7820	0
7821	0
7822	0
7823	0
7824	0
7825	0
7826	0
7827	0
7828	0
7829	0
7830	0
7831	0
7832	0
7833	0
7834	0
7835	0
7836	1
7837	1
7838	0
7839	1
7840	1
7841	0
7842	0
7843	1
7844	0
7845	0
7846	0
7847	1
7848	0
7849	0
7850	1
7851	0
7852	1
7853	1
7854	0
7855	0
7856	0
7857	0
7858	1
7859	1
7860	1
7861	1
7862	1
7863	1
7864	1
7865	1
7866	1
7867	1
7868	1
7869	1
7870	1
7871	1
7872	1
7873	0
7874	0
7875	0
7876	0
7877	0
7878	0
7879	0
7880	0
7881	0
7882	0
7883	1
7884	1
7885	0
7886	1
7887	1
7888	1
7889	1
7890	1
7891	1
7892	0
7893	0
7894	0
7895	0
7896	0
7897	1
7898	0
7899	0
7900	1
7901	0
7902	1
7903	0
7904	1
7905	1
7906	0
7907	0
7908	0
7909	1
7910	1
7911	0
7912	1
7913	1
7914	0
7915	1
7916	0
7917	0
7918	0
7919	1
7920	1
7921	0
7922	0
7923	1
7924	0
7925	1
7926	0
7927	1
7928	0
7929	0
7930	0
7931	0
7932	0
7933	0
7934	1
7935	0
7936	0
7937	1
7938	0
7939	1
7940	0
7941	1
7942	1
7943	0
7944	1
7945	0
7946	0
7947	1
7948	0
7949	0
7950	1
7951	1
7952	1
7953	1
7954	0
7955	0
7956	1
7957	0
7958	0
7959	1
7960	1
7961	1
7962	1
7963	0
7964	0
7965	1
7966	1
7967	0
7968	1
7969	0
7970	1
7971	1
7972	0
7973	1
7974	1
7975	0
7976	1
7977	0
7978	1
7979	1
7980	0
7981	1
7982	1
7983	1
7984	0
7985	1
7986	0
7987	0
7988	1
7989	0
7990	0
7991	1
7992	1
7993	1
7994	1
7995	0
7996	1
7997	1
7998	0
7999	0
8000	0
8001	0
8002	0
8003	0
8004	0
8005	0
8006	1
8007	1
8008	0
8009	0
8010	0
8011	1
8012	1
8013	0
8014	0
8015	0
8016	1
8017	1
8018	1
8019	0
8020	0
8021	1
8022	1
8023	1
8024	1
8025	1
8026	1
8027	1
8028	1
8029	0
8030	0
8031	1
8032	1
8033	1
8034	0
8035	0
8036	0
8037	1
8038	1
8039	1
8040	1
8041	0
8042	0
8043	0
8044	1
8045	0
8046	0
8047	0
8048	0
8049	1
8050	1
8051	0
8052	1
8053	0
8054	1
8055	1
8056	0
8057	1
8058	1
8059	0
8060	1
8061	1
8062	1
8063	0
8064	0
8065	1
8066	1
8067	0
8068	1
8069	0
8070	1
8071	0
8072	1
8073	0
8074	1
8075	0
8076	1
8077	0
8078	1
8079	0
8080	1
8081	1
8082	1
8083	1
8084	0
8085	1
8086	0
8087	0
8088	0
8089	1
8090	1
8091	0
8092	1
8093	0
8094	1
8095	1
8096	1
8097	0
8098	1
8099	0
8100	0
8101	1
8102	1
8103	0
8104	1
8105	1
8106	0
8107	1
8108	0
8109	0
8110	0
8111	1
8112	0
8113	0
8114	0
8115	0
8116	0
8117	1
8118	0
8119	1
8120	1
8121	0
8122	0
8123	0
8124	1
8125	1
8126	0
8127	1
8128	1
8129	0
8130	0
8131	1
8132	0
8133	0
8134	0
8135	0
8136	0
8137	1
8138	1
8139	0
8140	0
8141	0
8142	0
8143	0
8144	0
8145	0
8146	0
8147	0
8148	1
8149	0
8150	0
8151	0
8152	0
8153	0
8154	0
8155	0
8156	1
8157	0
8158	0
8159	0
8160	1
8161	1
8162	0
8163	0
8164	0
8165	0
8166	0
8167	1
8168	0
8169	1
8170	0
8171	0
8172	0
8173	0
8174	0
8175	0
8176	1
8177	0
8178	0
8179	1
8180	0
8181	1
8182	1
8183	1
8184	1
8185	1
8186	0
8187	1
8188	0
8189	0
8190	1
8191	0
8192	1
8193	1
8194	0
8195	0
8196	1
8197	1
8198	1
8199	1
8200	0
8201	0
8202	0
8203	0
8204	0
8205	0
8206	0
8207	1
8208	0
8209	0
8210	1
8211	0
8212	0
8213	0
8214	0
8215	0
8216	0
8217	0
8218	0
8219	0
8220	1
8221	0
8222	1
8223	0
8224	1
8225	1
8226	0
8227	0
8228	0
8229	0
8230	0
8231	0
8232	0
8233	0
8234	0
8235	0
8236	0
8237	0
8238	1
8239	0
8240	0
8241	1
8242	0
8243	1
8244	0
8245	0
8246	0
8247	0
8248	0
8249	1
8250	0
8251	0
8252	0
8253	0
8254	0
8255	0
8256	0
8257	0
8258	0
8259	0
8260	0
8261	0
8262	1
8263	0
8264	0
8265	1
8266	0
8267	0
8268	1
8269	0
8270	0
8271	1
8272	0
8273	1
8274	1
8275	0
8276	0
8277	1
8278	0
8279	1
8280	0
8281	1
8282	0
8283	0
8284	0
8285	0
8286	1
8287	0
8288	0
8289	1
8290	0
8291	0
8292	0
8293	1
8294	1
8295	0
8296	0
8297	0
8298	0
8299	1
8300	0
8301	1
8302	1
8303	0
8304	0
8305	0
8306	0
8307	0
8308	0
8309	0
8310	1
8311	0
8312	0
8313	0
8314	0
8315	1
8316	0
8317	1
8318	1
8319	0
8320	0
8321	0
8322	1
8323	0
8324	0
8325	0
8326	0
8327	0
8328	1
8329	1
8330	0
8331	0
8332	1
8333	1
8334	0
8335	1
8336	0
8337	1
8338	0
8339	0
8340	0
8341	0
8342	1
8343	1
8344	0
8345	0
8346	1
8347	0
8348	1
8349	0
8350	0
8351	0
8352	0
8353	0
8354	1
8355	1
8356	1
8357	0
8358	1
8359	0
8360	1
8361	1
8362	1
8363	0
8364	0
8365	0
8366	0
8367	0
8368	1
8369	1
8370	1
8371	1
8372	0
8373	1
8374	1
8375	1
8376	0
8377	1
8378	0
8379	0
8380	1
8381	0
8382	0
8383	0
8384	0
8385	1
8386	0
8387	0
8388	0
8389	1
8390	1
8391	0
8392	0
8393	1
8394	1
8395	0
8396	1
8397	1
8398	0
8399	0
8400	1
8401	0
8402	0
8403	0
8404	0
8405	0
8406	1
8407	1
8408	1
8409	0
8410	0
8411	0
8412	1
8413	0
8414	0
8415	1
8416	0
8417	0
8418	0
8419	1
8420	1
8421	0
8422	0
8423	1
8424	1
8425	0
8426	0
8427	0
8428	0
8429	1
8430	0
8431	1
8432	0
8433	1
8434	1
8435	1
8436	0
8437	0
8438	0
8439	0
8440	1
8441	1
8442	1
8443	0
8444	0
8445	0
8446	0
8447	1
8448	1
8449	1
8450	1
8451	1
8452	1
8453	0
8454	1
8455	1
8456	1
8457	1
8458	1
8459	1
8460	0
8461	1
8462	1
8463	1
8464	1
8465	0
8466	1
8467	1
8468	1
8469	1
8470	0
8471	1
8472	1
8473	1
8474	0
8475	1
8476	1
8477	1
8478	0
8479	0
8480	1
8481	1
8482	0
8483	1
8484	0
8485	0
8486	0
8487	1
8488	0
8489	1
8490	1
8491	0
8492	1
8493	1
8494	1
8495	1
8496	0
8497	1
8498	0
8499	0
8500	0
8501	1
8502	0
8503	0
8504	0
8505	0
8506	1
8507	0
8508	1
8509	1
8510	0
8511	0
8512	0
8513	0
8514	0
8515	0
8516	1
8517	1
8518	0
8519	1
8520	0
8521	1
8522	1
8523	1
8524	1
8525	1
8526	1
8527	1
8528	0
8529	0
8530	1
8531	1
8532	0
8533	1
8534	0
8535	0
8536	0
8537	0
8538	0
8539	0
8540	0
8541	0
8542	0
8543	0
8544	0
8545	0
8546	1
8547	1
8548	0
8549	0
8550	1
8551	0
8552	0
8553	0
8554	0
8555	0
8556	0
8557	0
8558	0
8559	1
8560	1
8561	0
8562	0
8563	0
8564	0
8565	0
8566	0
8567	0
8568	0
8569	0
8570	0
8571	0
8572	0
8573	1
8574	0
8575	1
8576	1
8577	0
8578	1
8579	1
8580	0
8581	1
8582	1
8583	1
8584	1
8585	0
8586	0
8587	1
8588	0
8589	0
8590	0
8591	0
8592	0
8593	0
8594	1
8595	1
8596	1
8597	1
8598	1
8599	0
8600	0
8601	0
8602	1
8603	0
8604	0
8605	0
8606	0
8607	0
8608	1
8609	1
8610	0
8611	1
8612	0
8613	0
8614	1
8615	0
8616	0
8617	1
8618	0
8619	0
8620	0
8621	0
8622	1
8623	1
8624	1
8625	0
8626	1
8627	1
8628	0
8629	0
8630	1
8631	1
8632	1
8633	0
8634	0
8635	0
8636	0
8637	0
8638	1
8639	0
8640	0
8641	0
8642	0
8643	0
8644	0
8645	1
8646	0
8647	1
8648	1
8649	0
8650	0
8651	1
8652	1
8653	1
8654	0
8655	0
8656	1
8657	0
8658	1
8659	0
8660	0
8661	1
8662	1
8663	0
8664	1
8665	1
8666	0
8667	1
8668	1
8669	1
8670	0
8671	1
8672	0
8673	1
8674	1
8675	1
8676	0
8677	0
8678	1
8679	1
8680	1
8681	1
8682	1
8683	1
8684	1
8685	0
8686	1
8687	0
8688	0
8689	1
8690	1
8691	0
8692	1
8693	1
8694	1
8695	1
8696	0
8697	1
8698	1
8699	1
8700	0
8701	0
8702	0
8703	1
8704	1
8705	1
8706	1
8707	1
8708	0
8709	1
8710	0
8711	0
8712	0
8713	1
8714	1
8715	1
8716	1
8717	0
8718	0
8719	1
8720	1
8721	0
8722	0
8723	1
8724	1
8725	0
8726	0
8727	1
8728	1
8729	0
8730	1
8731	0
8732	0
8733	1
8734	0
8735	0
8736	0
8737	0
8738	0
8739	0
8740	0
8741	0
8742	0
8743	0
8744	0
8745	0
8746	0
8747	1
8748	0
8749	1
8750	1
8751	1
8752	1
8753	1
8754	0
8755	1
8756	0
8757	0
8758	0
8759	1
8760	0
8761	1
8762	0
8763	0
8764	0
8765	0
8766	1
8767	0
8768	0
8769	1
8770	1
8771	0
8772	0
8773	1
8774	0
8775	0
8776	1
8777	0
8778	1
8779	1
8780	0
8781	1
8782	0
8783	0
8784	1
8785	1
8786	1
8787	1
8788	1
8789	1
8790	0
8791	0
8792	0
8793	1
8794	0
8795	1
8796	1
8797	0
8798	0
8799	1
8800	0
8801	1
8802	1
8803	0
8804	1
8805	0
8806	1
8807	0
8808	0
8809	1
8810	1
8811	1
8812	0
8813	0
8814	0
8815	0
8816	1
8817	0
8818	0
8819	1
8820	1
8821	0
8822	1
8823	1
8824	0
8825	1
8826	0
8827	0
8828	1
8829	1
8830	1
8831	1
8832	0
8833	0
8834	0
8835	0
8836	1
8837	1
8838	1
8839	1
8840	0
8841	1
8842	1
8843	1
8844	1
8845	0
8846	0
8847	1
8848	0
8849	0
8850	0
8851	1
8852	0
8853	1
8854	1
8855	0
8856	0
8857	0
8858	0
8859	0
8860	0
8861	0
8862	0
8863	0
8864	0
8865	1
8866	0
8867	0
8868	0
8869	0
8870	0
8871	0
8872	0
8873	0
8874	0
8875	0
8876	1
8877	0
8878	0
8879	0
8880	0
8881	0
8882	0
8883	1
8884	1
8885	1
8886	1
8887	0
8888	1
8889	1
8890	1
8891	1
8892	0
8893	1
8894	0
8895	0
8896	0
8897	0
8898	1
8899	1
8900	0
8901	1
8902	1
8903	1
8904	1
8905	0
8906	0
8907	0
8908	1
8909	1
8910	1
8911	1
8912	1
8913	0
8914	0
8915	1
8916	0
8917	1
8918	1
8919	1
8920	0
8921	0
8922	0
8923	0
8924	0
8925	1
8926	0
8927	1
8928	1
8929	0
8930	0
8931	1
8932	1
8933	0
8934	0
8935	1
8936	1
8937	1
8938	1
8939	0
8940	1
8941	0
8942	0
8943	0
8944	1
8945	1
8946	1
8947	0
8948	0
8949	0
8950	0
8951	0
8952	1
8953	1
8954	1
8955	0
8956	0
8957	1
8958	0
8959	1
8960	1
8961	0
8962	1
8963	1
8964	1
8965	1
8966	0
8967	1
8968	1
8969	1
8970	0
8971	1
8972	1
8973	1
8974	1
8975	1
8976	1
8977	0
8978	0
8979	0
8980	1
8981	0
8982	0
8983	0
8984	0
8985	0
8986	1
8987	0
8988	0
8989	0
8990	1
8991	0
8992	0
8993	0
8994	0
8995	1
8996	1
8997	1
8998	0
8999	0
9000	0
9001	0
9002	0
9003	0
9004	0
9005	1
9006	1
9007	1
9008	1
9009	0
9010	1
9011	0
9012	0
9013	0
9014	0
9015	0
9016	0
9017	0
9018	0
9019	0
9020	0
9021	0
9022	0
9023	0
9024	0
9025	1
9026	0
9027	0
9028	0
9029	0
9030	0
9031	1
9032	1
9033	0
9034	0
9035	1
9036	1
9037	1
9038	0
9039	0
9040	0
9041	0
9042	0
9043	1
9044	1
9045	1
9046	1
9047	0
9048	1
9049	0
9050	0
9051	1
9052	0
9053	0
9054	0
9055	0
9056	0
9057	0
9058	0
9059	1
9060	0
9061	0
9062	1
9063	1
9064	0
9065	1
9066	1
9067	0
9068	1
9069	0
9070	1
9071	1
9072	0
9073	1
9074	0
9075	1
9076	1
9077	1
9078	0
9079	1
9080	0
9081	1
9082	0
9083	0
9084	0
9085	1
9086	0
9087	1
9088	1
9089	0
9090	0
9091	0
9092	0
9093	0
9094	0
9095	0
9096	0
9097	0
9098	1
9099	0
9100	0
9101	0
9102	1
9103	0
9104	0
9105	0
9106	1
9107	0
9108	0
9109	0
9110	0
9111	1
9112	0
9113	0
9114	0
9115	0
9116	0
9117	1
9118	0
9119	1
9120	1
9121	0
9122	1
9123	1
9124	0
9125	0
9126	1
9127	0
9128	0
9129	1
9130	0
9131	1
9132	1
9133	0
9134	0
9135	0
9136	1
9137	0
9138	0
9139	1
9140	0
9141	0
9142	1
9143	0
9144	0
9145	1
9146	0
9147	0
9148	1
9149	0
9150	0
9151	0
9152	0
9153	1
9154	0
9155	0
9156	0
9157	0
9158	0
9159	2
9160	0
9161	1
9162	0
9163	1
9164	2
9165	0
9166	1
9167	1
9168	0
9169	1
9170	0
9171	0
9172	0
9173	1
9174	1
9175	0
9176	0
9177	0
9178	0
9179	0
9180	0
9181	0
9182	0
9183	0
9184	1
9185	1
9186	1
9187	0
9188	0
9189	0
9190	0
9191	0
9192	0
9193	1
9194	1
9195	0
9196	0
9197	1
9198	0
9199	1
9200	1
9201	0
9202	0
9203	1
9204	0
9205	0
9206	0
9207	1
9208	1
9209	0
9210	0
9211	0
9212	0
9213	1
9214	0
9215	0
9216	1
9217	0
9218	0
9219	0
9220	1
9221	0
9222	0
9223	1
9224	1
9225	0
9226	0
9227	0
9228	0
9229	0
9230	1
9231	1
9232	0
9233	0
9234	0
9235	1
9236	0
9237	1
9238	0
9239	1
9240	0
9241	0
9242	0
9243	0
9244	0
9245	0
9246	0
9247	0
9248	0
9249	0
9250	1
9251	1
9252	0
9253	0
9254	0
9255	0
9256	0
9257	0
9258	0
9259	0
9260	0
9261	0
9262	0
9263	0
9264	1
9265	1
9266	0
9267	0
9268	0
9269	0
9270	1
9271	0
9272	0
9273	0
9274	0
9275	1
9276	1
9277	0
9278	0
9279	0
9280	0
9281	0
9282	0
9283	0
9284	0
9285	1
9286	0
9287	0
9288	0
9289	0
9290	0
9291	0
9292	0
9293	0
9294	1
9295	1
9296	0
9297	1
9298	0
9299	1
9300	1
9301	1
9302	0
9303	0
9304	0
9305	0
9306	1
9307	0
9308	1
9309	1
9310	0
9311	1
9312	0
9313	1
9314	0
9315	0
9316	0
9317	1
9318	0
9319	0
9320	1
9321	1
9322	0
9323	1
9324	0
9325	1
9326	1
9327	1
9328	0
9329	0
9330	0
9331	0
9332	1
9333	1
9334	0
9335	0
9336	0
9337	1
9338	1
9339	1
9340	0
9341	0
9342	0
9343	0
9344	1
9345	1
9346	1
9347	0
9348	0
9349	0
9350	0
9351	1
9352	0
9353	1
9354	0
9355	0
9356	0
9357	1
9358	0
9359	0
9360	0
9361	0
9362	0
9363	0
9364	0
9365	1
9366	0
9367	0
9368	1
9369	1
9370	0
9371	0
9372	1
9373	0
9374	0
9375	0
9376	1
9377	0
9378	1
9379	1
9380	1
9381	1
9382	1
9383	1
9384	0
9385	1
9386	0
9387	0
9388	0
9389	1
9390	1
9391	0
9392	0
9393	1
9394	0
9395	1
9396	0
9397	1
9398	1
9399	1
9400	0
9401	1
9402	1
9403	0
9404	0
9405	1
9406	1
9407	0
9408	1
9409	0
9410	0
9411	0
9412	0
9413	0
9414	1
9415	0
9416	1
9417	0
9418	1
9419	0
9420	1
9421	1
9422	0
9423	1
9424	1
9425	0
9426	0
9427	0
9428	1
9429	0
9430	0
9431	1
9432	0
9433	0
9434	1
9435	0
9436	1
9437	0
9438	1
9439	1
9440	1
9441	0
9442	0
9443	0
9444	0
9445	0
9446	0
9447	0
9448	0
9449	1
9450	0
9451	1
9452	0
9453	0
9454	0
9455	0
9456	1
9457	0
9458	0
9459	0
9460	0
9461	1
9462	0
9463	1
9464	0
9465	0
9466	1
9467	0
9468	0
9469	0
9470	0
9471	0
9472	0
9473	0
9474	0
9475	0
9476	1
9477	1
9478	0
9479	0
9480	0
9481	1
9482	1
9483	1
9484	1
9485	1
9486	1
9487	0
9488	1
9489	0
9490	0
9491	0
9492	0
9493	0
9494	0
9495	0
9496	0
9497	0
9498	1
9499	0
9500	0
9501	1
9502	0
9503	1
9504	0
9505	0
9506	0
9507	0
9508	1
9509	0
9510	0
9511	0
9512	0
9513	0
9514	0
9515	0
9516	0
9517	0
9518	0
9519	0
9520	0
9521	1
9522	0
9523	1
9524	0
9525	0
9526	0
9527	0
9528	0
9529	0
9530	1
9531	1
9532	1
9533	0
9534	0
9535	0
9536	0
9537	0
9538	0
9539	0
9540	0
9541	1
9542	1
9543	1
9544	1
9545	1
9546	1
9547	0
9548	0
9549	0
9550	0
9551	0
9552	0
9553	1
9554	0
9555	0
9556	0
9557	1
9558	0
9559	0
9560	0
9561	0
9562	1
9563	1
9564	0
9565	0
9566	1
9567	0
9568	0
9569	0
9570	0
9571	0
9572	0
9573	0
9574	0
9575	0
9576	0
9577	0
9578	0
9579	0
9580	1
9581	0
9582	1
9583	1
9584	0
9585	0
9586	1
9587	1
9588	1
9589	0
9590	0
9591	0
9592	0
9593	0
9594	0
9595	0
9596	0
9597	0
9598	0
9599	0
9600	0
9601	0
9602	0
9603	0
9604	0
9605	1
9606	0
9607	0
9608	1
9609	1
9610	0
9611	0
9612	0
9613	0
9614	1
9615	0
9616	1
9617	0
9618	0
9619	0
9620	1
9621	0
9622	0
9623	0
9624	0
9625	0
9626	0
9627	0
9628	1
9629	0
9630	1
9631	0
9632	0
9633	0
9634	1
9635	1
9636	1
9637	0
9638	1
9639	0
9640	0
9641	0
9642	0
9643	0
9644	0
9645	1
9646	0
9647	0
9648	0
9649	0
9650	0
9651	0
9652	1
9653	0
9654	0
9655	0
9656	0
9657	0
9658	0
9659	0
9660	0
9661	0
9662	0
9663	0
9664	0
9665	0
9666	0
9667	0
9668	0
9669	0
9670	0
9671	0
9672	0
9673	0
9674	0
9675	0
9676	0
9677	0
9678	0
9679	0
9680	0
9681	0
9682	0
9683	0
9684	0
9685	0
9686	0
9687	0
9688	0
9689	1
9690	0
9691	1
9692	1
9693	0
9694	0
9695	0
9696	1
9697	0
9698	0
9699	0
9700	0
9701	0
9702	1
9703	0
9704	0
9705	1
9706	1
9707	0
9708	0
9709	0
9710	0
9711	0
9712	0
9713	0
9714	0
9715	0
9716	0
9717	0
9718	1
9719	1
9720	1
9721	0
9722	0
9723	1
9724	1
9725	0
9726	0
9727	1
9728	0
9729	0
9730	0
9731	0
9732	0
9733	1
9734	1
9735	0
9736	1
9737	1
9738	1
9739	0
9740	0
9741	0
9742	0
9743	0
9744	0
9745	0
9746	1
9747	0
9748	1
9749	0
9750	0
9751	0
9752	1
9753	1
9754	0
9755	0
9756	0
9757	0
9758	0
9759	0
9760	0
9761	1
9762	0
9763	0
9764	1
9765	0
9766	1
9767	0
9768	0
9769	0
9770	1
9771	0
9772	0
9773	1
9774	0
9775	1
9776	0
9777	0
9778	0
9779	1
9780	1
9781	0
9782	0
9783	0
9784	0
9785	0
9786	1
9787	0
9788	0
9789	0
9790	0
9791	0
9792	0
9793	1
9794	0
9795	0
9796	1
9797	0
9798	0
9799	0
9800	0
9801	0
9802	1
9803	0
9804	0
9805	1
9806	0
9807	0
9808	0
9809	1
9810	0
9811	0
9812	0
9813	0
9814	1
9815	0
9816	0
9817	0
9818	0
9819	0
9820	0
9821	0
9822	0
9823	1
9824	0
9825	0
9826	1
9827	0
9828	1
9829	0
9830	1
9831	1
9832	0
9833	0
9834	0
9835	0
9836	0
9837	1
9838	0
9839	1
9840	0
9841	0
9842	0
9843	1
9844	0
9845	1
9846	0
9847	1
9848	1
9849	1
9850	1
9851	0
9852	1
9853	0
9854	0
9855	1
9856	0
9857	0
9858	0
9859	1
9860	0
9861	1
9862	0
9863	1
9864	1
9865	1
9866	1
9867	1
9868	1
9869	1
9870	0
9871	0
9872	1
9873	0
9874	0
9875	0
9876	1
9877	0
9878	0
9879	0
9880	0
9881	0
9882	0
9883	0
9884	0
9885	0
9886	0
9887	0
9888	0
9889	0
9890	0
9891	0
9892	0
9893	0
9894	0
9895	0
9896	0
9897	0
9898	0
9899	0
9900	0
9901	1
9902	0
9903	0
9904	0
9905	0
9906	0
9907	0
9908	1
9909	0
9910	1
9911	0
9912	0
9913	0
9914	0
9915	0
9916	0
9917	0
9918	0
9919	1
9920	0
9921	0
9922	1
9923	1
9924	0
9925	0
9926	0
9927	1
9928	1
9929	0
9930	0
9931	1
9932	0
9933	1
9934	0
9935	0
9936	1
9937	0
9938	0
9939	0
9940	0
9941	0
9942	0
9943	0
9944	1
9945	0
9946	0
9947	0
9948	1
9949	0
9950	0
9951	0
9952	0
9953	1
9954	1
9955	1
9956	0
9957	0
9958	0
9959	0
9960	0
9961	0
9962	1
9963	1
9964	1
9965	1
9966	0
9967	1
9968	0
9969	0
9970	0
9971	0
9972	0
9973	1
9974	0
9975	0
9976	0
9977	0
9978	0
9979	1
9980	1
9981	1
9982	0
9983	0
9984	0
9985	0
9986	1
9987	0
9988	1
9989	0
9990	0
9991	0
9992	0
9993	0
9994	0
9995	0
9996	0
9997	0
9998	0
9999	0
10000	0
